xof 0303txt 0032
template XSkinMeshHeader {
 <3cf169ce-ff7c-44ab-93c0-f78f62d172e2>
 WORD nMaxSkinWeightsPerVertex;
 WORD nMaxSkinWeightsPerFace;
 WORD nBones;
}

template VertexDuplicationIndices {
 <b8d65549-d7c9-4995-89cf-53a9a8b031e3>
 DWORD nIndices;
 DWORD nOriginalVertices;
 array DWORD indices[nIndices];
}

template SkinWeights {
 <6f0d123b-bad2-4167-a0d0-80224f25fabb>
 STRING transformNodeName;
 DWORD nWeights;
 array DWORD vertexIndices[nWeights];
 array FLOAT weights[nWeights];
 Matrix4x4 matrixOffset;
}

template AnimTicksPerSecond {
 <9e415a43-7ba6-4a73-8743-b73d47e88476>
 DWORD AnimTicksPerSecond;
}

template VertexElement {
 <f752461c-1e23-48f6-b9f8-8350850f336f>
 DWORD Type;
 DWORD Method;
 DWORD Usage;
 DWORD UsageIndex;
}

template DeclData {
 <bf22e553-292c-4781-9fea-62bd554bdd93>
 DWORD nElements;
 array VertexElement Elements[nElements];
 DWORD nDWords;
 array DWORD data[nDWords];
}


AnimTicksPerSecond {
 4800;
}

Frame Dummy01 {
 

 FrameTransformMatrix {
  1.000000,0.000000,0.000000,0.000000,0.000000,-0.000000,-1.000000,0.000000,0.000000,1.000000,-0.000000,0.000000,0.000000,0.000000,0.000000,1.000000;;
 }

 Frame Bip01 {
  

  FrameTransformMatrix {
   -0.489721,0.856107,0.165090,0.000000,0.089574,-0.138946,0.986241,0.000000,0.867266,0.497770,-0.008640,0.000000,0.009533,-0.010862,0.491068,1.000000;;
  }

  Frame Bip01_Pelvis {
   

   FrameTransformMatrix {
    0.000000,0.996195,-0.087157,0.000000,-0.000001,0.087157,0.996195,0.000000,1.000000,0.000000,0.000001,0.000000,0.000000,0.000000,0.000000,1.000000;;
   }

   Frame Bip01_Spine {
    

    FrameTransformMatrix {
     0.989594,0.075840,0.122277,0.000000,-0.105082,0.961449,0.254113,0.000000,-0.098291,-0.264318,0.959414,0.000000,0.051445,0.004523,-0.000081,1.000000;;
    }

    Frame Bip01_Spine1 {
     

     FrameTransformMatrix {
      0.926006,0.059711,0.372757,0.000000,-0.104525,0.989362,0.101179,0.000000,-0.362750,-0.132655,0.922397,0.000000,0.106511,0.000011,-0.000078,1.000000;;
     }

     Frame Bip01_Neck {
      

      FrameTransformMatrix {
       0.940497,-0.009025,0.339682,0.000000,0.171801,0.875098,-0.452424,0.000000,-0.293172,0.483861,0.824578,0.000000,0.130512,-0.000013,0.004630,1.000000;;
      }

      Frame Bip01_Head {
       

       FrameTransformMatrix {
        0.923837,0.124629,-0.361928,0.000000,-0.250462,0.911828,-0.325328,0.000000,0.289471,0.391199,0.873596,0.000000,0.033674,0.000000,0.000000,1.000000;;
       }

       Frame Bip01_HeadNub {
        

        FrameTransformMatrix {
         1.000000,-0.000000,0.000000,0.000000,-0.000000,1.000000,-0.000000,0.000000,0.000000,0.000000,1.000000,0.000000,0.169824,-0.000000,0.000000,1.000000;;
        }
       }
      }

      Frame Bip01_L_Clavicle {
       

       FrameTransformMatrix {
        -0.219742,0.826995,0.517486,0.000000,0.914342,0.359536,-0.186315,0.000000,-0.340137,0.432218,-0.835161,0.000000,-0.024317,0.011729,0.010838,1.000000;;
       }

       Frame Bip01_L_UpperArm {
        

        FrameTransformMatrix {
         0.654346,0.006861,-0.756164,0.000000,0.587314,0.625272,0.513905,0.000000,0.476334,-0.780377,0.405114,0.000000,0.087086,0.000000,-0.000000,1.000000;;
        }

        Frame Bip01_L_Forearm {
         

         FrameTransformMatrix {
          0.485226,-0.000000,-0.874389,0.000000,-0.000000,1.000000,0.000000,0.000000,0.874389,0.000000,0.485226,0.000000,0.137062,-0.000000,0.000000,1.000000;;
         }

         Frame Bip01_L_Hand {
          

          FrameTransformMatrix {
           0.897138,-0.233846,0.374779,0.000000,-0.177573,-0.967737,-0.178757,0.000000,0.404488,0.093819,-0.909718,0.000000,0.137062,0.000000,0.000000,1.000000;;
          }

          Frame Bip01_L_Finger0 {
           

           FrameTransformMatrix {
            0.191229,-0.953701,0.232135,0.000000,0.953255,0.236821,0.187675,0.000000,-0.233961,0.185395,0.954407,0.000000,0.057681,-0.023605,-0.000272,1.000000;;
           }

           Frame Bip01_L_Finger0Nub {
            

            FrameTransformMatrix {
             1.000000,-0.000000,-0.000000,0.000000,-0.000000,1.000000,-0.000000,0.000000,0.000000,0.000000,1.000000,0.000000,0.029435,0.000000,0.000000,1.000000;;
            }
           }
          }

          Frame Bip01_L_Finger1 {
           

           FrameTransformMatrix {
            0.270270,-0.226732,0.935706,0.000000,-0.220296,0.931529,0.289350,0.000000,-0.937242,-0.284335,0.201817,0.000000,0.084102,0.000000,0.000000,1.000000;;
           }

           Frame Bip01_L_Finger1Nub {
            

            FrameTransformMatrix {
             1.000000,-0.000000,-0.000000,0.000000,0.000000,1.000000,-0.000000,0.000000,0.000000,0.000000,1.000000,0.000000,0.047988,0.000000,-0.000000,1.000000;;
            }
           }
          }
         }
        }
       }
      }

      Frame Bip01_R_Clavicle {
       

       FrameTransformMatrix {
        0.165919,-0.952916,-0.253816,0.000000,-0.931251,-0.236077,0.277559,0.000000,-0.324410,0.190315,-0.926574,0.000000,-0.024033,-0.015775,-0.004369,1.000000;;
       }

       Frame Bip01_R_UpperArm {
        

        FrameTransformMatrix {
         0.340798,0.554510,-0.759194,0.000000,-0.599331,0.750313,0.278986,0.000000,0.724333,0.359931,0.588040,0.000000,0.087086,0.000000,0.000000,1.000000;;
        }

        Frame Bip01_R_Forearm {
         

         FrameTransformMatrix {
          -0.479637,0.000000,-0.877467,0.000000,0.000000,1.000000,-0.000000,0.000000,0.877467,-0.000000,-0.479637,0.000000,0.137062,0.000000,-0.000000,1.000000;;
         }

         Frame Bip01_R_Hand {
          

          FrameTransformMatrix {
           0.812145,-0.032169,0.582568,0.000000,0.427777,-0.646171,-0.632036,0.000000,0.396770,0.762514,-0.511023,0.000000,0.137062,0.000000,-0.000000,1.000000;;
          }

          Frame Bip01_R_Finger0 {
           

           FrameTransformMatrix {
            0.588859,0.721892,0.363479,0.000000,-0.753496,0.653020,-0.076225,0.000000,-0.292385,-0.228995,0.928479,0.000000,0.057681,0.023605,-0.000272,1.000000;;
           }

           Frame Bip01_R_Finger0Nub {
            

            FrameTransformMatrix {
             -1.000000,-0.000000,0.000000,0.000000,0.000000,1.000000,0.000000,0.000000,-0.000000,0.000000,-1.000000,0.000000,0.029435,0.000000,-0.000000,1.000000;;
            }
           }
          }

          Frame Bip01_R_Finger1 {
           

           FrameTransformMatrix {
            0.201209,0.000780,0.979548,0.000000,0.000000,1.000000,-0.000796,0.000000,-0.979548,0.000160,0.201209,0.000000,0.084102,0.000000,-0.000000,1.000000;;
           }

           Frame Bip01_R_Finger1Nub {
            

            FrameTransformMatrix {
             -1.000000,-0.000000,0.000000,0.000000,0.000000,1.000000,0.000000,0.000000,0.000000,-0.000000,-1.000000,0.000000,0.047988,0.000000,0.000000,1.000000;;
            }
           }
          }
         }
        }
       }
      }
     }

     Frame Bip01_BackPack {
      

      FrameTransformMatrix {
       0.068803,-0.000002,-0.997630,0.000000,0.000003,1.000000,-0.000002,0.000000,0.997630,-0.000003,0.068803,0.000000,0.063696,-0.000000,-0.088851,1.000000;;
      }

      Frame Bip01_BackPackNub {
       

       FrameTransformMatrix {
        0.000796,0.000003,1.000000,0.000000,0.000000,-1.000000,0.000003,0.000000,1.000000,-0.000000,-0.000796,0.000000,0.053240,0.000000,0.000000,1.000000;;
       }
      }
     }
    }

    Frame Bip01_L_Thigh {
     

     FrameTransformMatrix {
      -0.958172,0.261558,0.116163,0.000000,-0.157572,-0.820971,0.548796,0.000000,0.238908,0.507537,0.827846,0.000000,-0.047055,0.054175,-0.008267,1.000000;;
     }

     Frame Bip01_L_Calf {
      

      FrameTransformMatrix {
       0.952158,-0.000000,-0.305607,0.000000,-0.000000,1.000000,-0.000000,0.000000,0.305607,0.000000,0.952158,0.000000,0.237500,0.000000,0.000000,1.000000;;
      }

      Frame Bip01_L_Foot {
       

       FrameTransformMatrix {
        0.995438,0.089101,0.034110,0.000000,-0.094935,0.960555,0.261385,0.000000,-0.009475,-0.263431,0.964632,0.000000,0.206841,0.000000,-0.000000,1.000000;;
       }

       Frame Bip01_L_Toe0 {
        

        FrameTransformMatrix {
         -0.281148,0.092894,0.955158,0.000000,0.009522,0.995525,-0.094017,0.000000,-0.959617,-0.017338,-0.280775,0.000000,0.065373,0.000000,0.066450,1.000000;;
        }

        Frame Bip01_L_Toe0Nub {
         

         FrameTransformMatrix {
          -1.000000,0.000000,0.000000,0.000000,-0.000000,1.000000,-0.000000,0.000000,-0.000000,0.000000,-1.000000,0.000000,0.006735,-0.000000,0.000000,1.000000;;
         }
        }
       }
      }
     }
    }

    Frame Bip01_R_Thigh {
     

     FrameTransformMatrix {
      -0.973557,-0.149357,0.172859,0.000000,0.187322,-0.955035,0.229824,0.000000,0.130760,0.256127,0.957758,0.000000,-0.055431,-0.052018,0.020927,1.000000;;
     }

     Frame Bip01_R_Calf {
      

      FrameTransformMatrix {
       0.868534,-0.000000,-0.495630,0.000000,0.000000,1.000000,-0.000000,0.000000,0.495630,-0.000000,0.868534,0.000000,0.237500,0.000000,-0.000000,1.000000;;
      }

      Frame Bip01_R_Foot {
       

       FrameTransformMatrix {
        0.923645,-0.196319,0.329148,0.000000,0.231865,0.970075,-0.072057,0.000000,-0.305152,0.142874,0.941525,0.000000,0.206841,0.000000,-0.000000,1.000000;;
       }

       Frame Bip01_R_Toe0 {
        

        FrameTransformMatrix {
         0.793110,-0.384600,0.472293,0.000000,-0.009867,0.767207,0.641324,0.000000,-0.608999,-0.513300,0.604684,0.000000,0.065373,0.000000,0.066450,1.000000;;
        }

        Frame Bip01_R_Toe0Nub {
         

         FrameTransformMatrix {
          1.000000,0.000000,0.000000,0.000000,0.000000,1.000000,-0.000000,0.000000,-0.000000,0.000000,1.000000,0.000000,0.006735,-0.000000,0.000000,1.000000;;
         }
        }
       }
      }
     }
    }
   }

   Frame Bip01_DressFront {
    

    FrameTransformMatrix {
     -0.997354,-0.051360,-0.051450,0.000000,-0.051294,0.998680,-0.002606,0.000000,0.051516,0.000040,-0.998672,0.000000,-0.044009,0.001399,0.061087,1.000000;;
    }

    Frame Bip01_DressFront02 {
     

     FrameTransformMatrix {
      1.000000,0.000000,0.000000,0.000000,0.000000,1.000000,-0.000000,0.000000,0.000000,-0.000000,1.000000,0.000000,0.183324,0.000000,-0.000132,1.000000;;
     }

     Frame Bip01_DressFrontNub {
      

      FrameTransformMatrix {
       0.000796,0.000003,1.000000,0.000000,0.000000,-1.000000,0.000003,0.000000,1.000000,0.000000,-0.000796,0.000000,0.165302,0.000000,0.000000,1.000000;;
      }
     }
    }
   }

   Frame Bip01_DressBack {
    

    FrameTransformMatrix {
     -0.996897,-0.075511,0.022223,0.000000,-0.074193,0.995718,0.055147,0.000000,-0.026292,0.053327,-0.998231,0.000000,-0.047729,-0.000007,-0.078279,1.000000;;
    }

    Frame Bip01_DressBack02 {
     

     FrameTransformMatrix {
      0.974078,0.000001,0.226213,0.000000,-0.000001,1.000000,-0.000000,0.000000,-0.226213,-0.000000,0.974078,0.000000,0.176183,-0.000000,-0.000106,1.000000;;
     }

     Frame Bip01_DressBackNub {
      

      FrameTransformMatrix {
       0.000796,0.000003,1.000000,0.000000,-0.000000,-1.000000,0.000003,0.000000,1.000000,-0.000000,-0.000796,0.000000,0.136508,-0.000000,0.000000,1.000000;;
      }
     }
    }
   }
  }

  Frame Bip01_Prop1 {
   

   FrameTransformMatrix {
    -0.489719,0.089575,0.867267,0.000000,0.856108,-0.138947,0.497769,0.000000,0.165091,0.986240,-0.008641,0.000000,0.191032,0.221051,-0.006622,1.000000;;
   }
  }

  Frame Bip01_Prop2 {
   

   FrameTransformMatrix {
    0.608815,0.492829,0.621662,0.000000,0.778404,-0.522312,-0.348249,0.000000,0.153074,0.695924,-0.701612,0.000000,0.319771,0.180184,0.106473,1.000000;;
   }
  }
 }
}

Frame Translation_Data {
 

 FrameTransformMatrix {
  1.000000,0.000000,0.000000,0.000000,0.000000,-0.000000,-1.000000,0.000000,0.000000,1.000000,-0.000000,0.000000,0.000000,-0.000000,0.000000,1.000000;;
 }
}

Frame Body {
 

 FrameTransformMatrix {
  1.000000,0.000000,0.000000,0.000000,0.000000,1.000000,0.000000,0.000000,0.000000,0.000000,1.000000,0.000000,0.000000,0.000000,0.000000,1.000000;;
 }

 Mesh Body {
  617;
  0.018667;0.733423;-0.075336;,
  -0.001409;0.764358;-0.041949;,
  -0.005910;0.730931;-0.048596;,
  0.024636;0.712679;-0.079315;,
  0.029877;0.700928;-0.082386;,
  -0.008934;0.695734;-0.057005;,
  0.004104;0.666956;-0.060085;,
  0.050618;0.673226;-0.069269;,
  0.023293;0.794484;-0.024758;,
  0.052533;0.765219;-0.051806;,
  0.077581;0.770630;-0.042344;,
  0.061368;0.782010;-0.016856;,
  0.101832;0.539662;0.012666;,
  0.077666;0.527819;0.052643;,
  0.077569;0.542004;0.045251;,
  0.094115;0.549889;0.009673;,
  0.059922;0.558559;-0.033536;,
  0.082587;0.531339;-0.025148;,
  0.020137;0.556812;-0.044904;,
  0.025361;0.502232;-0.043629;,
  0.055995;0.512320;-0.047475;,
  -0.037167;0.700279;-0.027550;,
  -0.036421;0.667895;-0.023697;,
  0.040857;0.520407;0.072000;,
  0.041442;0.537160;0.067466;,
  0.099102;0.649812;0.026284;,
  0.066965;0.653139;0.067086;,
  0.068042;0.697911;0.062042;,
  0.101558;0.695136;0.015989;,
  0.049402;0.467026;-0.066383;,
  0.063711;0.374243;-0.097799;,
  0.106950;0.369124;-0.078833;,
  0.092570;0.460451;-0.041263;,
  0.069086;0.282365;-0.127477;,
  0.106587;0.275956;-0.090835;,
  0.009540;0.456710;-0.037648;,
  0.051882;0.420120;0.050811;,
  0.045381;0.341553;0.004725;,
  0.022748;0.361347;-0.065041;,
  0.062197;0.264106;-0.043225;,
  0.050712;0.268937;-0.083528;,
  0.105227;0.428280;0.008369;,
  0.121265;0.352707;-0.017834;,
  0.101625;0.271448;-0.050706;,
  0.129541;-0.000569;-0.077592;,
  0.085120;-0.002807;-0.084432;,
  0.086397;-0.003830;-0.035640;,
  0.121105;-0.002032;-0.032968;,
  0.081622;0.221362;-0.108614;,
  0.089357;0.147675;-0.109692;,
  0.123620;0.148425;-0.087196;,
  0.117970;0.222920;-0.086446;,
  0.102296;0.068352;-0.110344;,
  0.124798;0.068644;-0.084131;,
  0.047930;0.197699;-0.078459;,
  0.058021;0.211366;-0.025373;,
  0.070261;0.147811;-0.037607;,
  0.065688;0.140967;-0.079635;,
  0.094041;0.075196;-0.057534;,
  0.088298;0.058880;-0.087729;,
  0.127411;0.227240;-0.038108;,
  0.130883;0.153683;-0.049708;,
  0.117308;0.082429;-0.059906;,
  0.090044;0.502581;-0.028922;,
  -0.016327;0.493464;-0.035357;,
  -0.009940;0.457232;-0.029640;,
  0.009540;0.456710;-0.037648;,
  0.118095;0.488573;0.015804;,
  0.086226;0.479443;0.060335;,
  0.108228;0.440049;0.011880;,
  0.076546;0.435072;0.048504;,
  0.090311;0.598647;0.030563;,
  0.107610;0.645406;-0.008288;,
  0.102704;0.648229;-0.028071;,
  0.059345;0.646919;-0.057945;,
  0.054977;0.601711;-0.038340;,
  0.095291;0.598986;-0.009189;,
  0.010490;0.642975;-0.055426;,
  0.018564;0.598201;-0.042350;,
  -0.029979;0.650107;-0.021069;,
  -0.019231;0.594020;-0.011459;,
  0.056316;0.745789;-0.117624;,
  0.018570;0.720705;-0.088612;,
  0.057559;0.726389;-0.164390;,
  0.009588;0.696562;-0.144412;,
  0.015157;0.673437;-0.185943;,
  0.053542;0.697446;-0.203487;,
  0.051418;0.669779;-0.082342;,
  0.048172;0.645729;-0.127300;,
  0.009588;0.696562;-0.144412;,
  0.039983;0.630042;-0.186958;,
  0.015157;0.673437;-0.185943;,
  0.062670;0.668427;-0.082452;,
  0.094193;0.694426;-0.101019;,
  0.096321;0.675668;-0.147027;,
  0.078211;0.653904;-0.204619;,
  0.079336;0.727507;-0.111963;,
  0.045950;0.712191;-0.209884;,
  -0.000524;0.684806;-0.190122;,
  -0.028386;0.709851;-0.237857;,
  0.002573;0.726525;-0.248386;,
  -0.043056;0.728689;-0.277540;,
  -0.031209;0.735567;-0.284544;,
  -0.000524;0.684806;-0.190122;,
  0.016546;0.632345;-0.221001;,
  -0.007026;0.667262;-0.269541;,
  -0.028386;0.709851;-0.237857;,
  -0.040274;0.702783;-0.286224;,
  -0.043056;0.728689;-0.277540;,
  0.062816;0.659570;-0.240570;,
  0.016793;0.680226;-0.277202;,
  -0.024435;0.706056;-0.302495;,
  -0.103274;0.760066;-0.374870;,
  -0.083670;0.757130;-0.365333;,
  -0.095703;0.739061;-0.322352;,
  -0.114796;0.742065;-0.332230;,
  -0.041841;0.752739;-0.361561;,
  -0.050539;0.754753;-0.368350;,
  -0.051204;0.744770;-0.372931;,
  -0.037494;0.743555;-0.367293;,
  -0.079198;0.731523;-0.288815;,
  -0.101559;0.719248;-0.316112;,
  -0.060706;0.733672;-0.346249;,
  -0.047039;0.752495;-0.320408;,
  -0.067003;0.696626;-0.296873;,
  -0.101187;0.702152;-0.326393;,
  -0.032435;0.717682;-0.329489;,
  -0.061325;0.715739;-0.354882;,
  0.073307;0.758950;-0.074933;,
  0.054595;0.751105;-0.096712;,
  0.052533;0.765219;-0.051806;,
  0.031894;0.757935;-0.067635;,
  0.112195;0.692689;-0.022984;,
  0.011699;0.779943;-0.045925;,
  0.038598;0.731474;-0.098310;,
  0.018667;0.733423;-0.075336;,
  0.024636;0.712679;-0.079315;,
  0.042220;0.718172;-0.088920;,
  0.097505;0.728761;-0.046903;,
  0.090394;0.735409;-0.001940;,
  0.095370;0.730945;-0.052253;,
  0.057457;0.736461;0.045939;,
  0.028324;0.780334;0.017072;,
  0.077581;0.770630;-0.042344;,
  0.095370;0.730945;-0.052253;,
  0.052648;0.700449;-0.063612;,
  0.089912;0.720466;-0.055113;,
  0.018570;0.720705;-0.088612;,
  0.090241;0.682918;-0.043538;,
  0.060623;0.673157;-0.058701;,
  0.029877;0.700928;-0.082386;,
  0.105115;0.688547;-0.038426;,
  -0.047039;0.752495;-0.320408;,
  -0.000744;0.820618;-0.009316;,
  0.004136;0.813791;-0.030586;,
  0.007479;0.799788;-0.000824;,
  -0.023519;0.819585;0.004987;,
  -0.061325;0.715739;-0.354882;,
  -0.103274;0.760066;-0.374870;,
  -0.114796;0.742065;-0.332230;,
  -0.041482;0.749034;-0.341956;,
  -0.039380;0.727317;-0.355918;,
  -0.041482;0.749034;-0.341956;,
  -0.056268;0.747994;-0.351809;,
  -0.061394;0.724759;-0.358104;,
  -0.061394;0.724759;-0.358104;,
  -0.041841;0.752739;-0.361561;,
  -0.037494;0.743555;-0.367293;,
  -0.051204;0.744770;-0.372931;,
  0.140969;0.023275;-0.153174;,
  0.112831;0.019525;-0.193266;,
  0.115749;0.001223;-0.200738;,
  0.148269;0.002153;-0.160350;,
  0.081749;0.029591;-0.045873;,
  0.086397;-0.003830;-0.035640;,
  0.085120;-0.002807;-0.084432;,
  0.082621;0.022099;-0.086568;,
  0.094041;0.075196;-0.057534;,
  0.117308;0.082429;-0.059906;,
  0.122967;0.034783;-0.042839;,
  0.129541;-0.000569;-0.077592;,
  0.121105;-0.002032;-0.032968;,
  0.129007;0.034439;-0.079253;,
  0.102296;0.068352;-0.110344;,
  0.124798;0.068644;-0.084131;,
  0.080110;-0.000842;-0.193269;,
  0.084768;0.014808;-0.185230;,
  0.148269;0.002153;-0.160350;,
  0.080110;-0.000842;-0.193269;,
  0.022748;0.361347;-0.065041;,
  0.050712;0.268937;-0.083528;,
  0.047930;0.197699;-0.078459;,
  0.065688;0.140967;-0.079635;,
  0.088298;0.058880;-0.087729;,
  0.088298;0.058880;-0.087729;,
  0.014605;0.436599;0.011293;,
  0.013923;0.815756;-0.041695;,
  0.005634;0.808308;-0.060035;,
  -0.001613;0.800209;-0.057221;,
  -0.005369;0.803104;-0.043278;,
  0.003149;0.835290;-0.019777;,
  -0.005968;0.845482;0.000111;,
  -0.041853;0.943209;-0.065583;,
  -0.062046;0.943561;-0.064853;,
  -0.060343;0.928512;-0.090578;,
  -0.015325;0.876203;-0.106263;,
  -0.024687;0.903874;-0.100842;,
  -0.031879;0.870866;-0.111761;,
  0.013333;0.844151;-0.041122;,
  0.006919;0.828838;-0.065809;,
  0.010278;0.827410;-0.033962;,
  0.007535;0.880325;-0.027643;,
  0.005091;0.887581;-0.050955;,
  -0.003676;0.922435;-0.060600;,
  -0.012523;0.915260;-0.086102;,
  0.000998;0.879368;-0.076612;,
  -0.006921;0.893378;0.008096;,
  0.004723;0.885337;-0.011853;,
  -0.044931;0.887414;0.021339;,
  -0.055554;0.932061;0.003352;,
  -0.023411;0.935865;-0.008495;,
  0.006353;0.857569;-0.073204;,
  -0.007432;0.846887;-0.094958;,
  -0.000621;0.815935;-0.077978;,
  -0.009946;0.787669;-0.086165;,
  -0.028556;0.779127;-0.093988;,
  -0.027410;0.779596;-0.072883;,
  -0.032921;0.922754;-0.093906;,
  -0.020423;0.937378;-0.065229;,
  -0.008692;0.934247;-0.027827;,
  -0.025921;0.947258;-0.037612;,
  -0.060934;0.948588;-0.027808;,
  -0.043709;0.949745;-0.030874;,
  -0.037093;0.848734;0.013814;,
  -0.008692;0.934247;-0.027827;,
  -0.025921;0.947258;-0.037612;,
  0.018841;0.848008;-0.042397;,
  0.023950;0.878756;-0.028000;,
  0.014665;0.895200;-0.037844;,
  0.011535;0.875050;-0.040506;,
  0.023950;0.878756;-0.028000;,
  0.018841;0.848008;-0.042397;,
  0.014665;0.895200;-0.037844;,
  0.005091;0.887581;-0.050955;,
  0.010551;0.863365;-0.055096;,
  0.013333;0.844151;-0.041122;,
  -0.012480;0.868438;-0.097296;,
  0.010551;0.863365;-0.055096;,
  0.011699;0.779943;-0.045925;,
  0.004136;0.813791;-0.030586;,
  0.031894;0.757935;-0.067635;,
  0.003149;0.835290;-0.019777;,
  -0.031601;0.750874;-0.029468;,
  -0.032872;0.727043;-0.027063;,
  -0.018328;0.552361;-0.025365;,
  0.049440;0.473640;0.079990;,
  0.047485;0.440548;0.071175;,
  0.028955;0.418944;0.052579;,
  -0.030543;0.777478;-0.053109;,
  0.014605;0.436599;0.011293;,
  -0.043709;0.949745;-0.030874;,
  -0.060934;0.948588;-0.027808;,
  -0.016281;0.817869;-0.094624;,
  -0.028747;0.837624;-0.103350;,
  -0.026504;0.828260;-0.102650;,
  -0.058749;0.917970;-0.101817;,
  -0.054542;0.895334;-0.112647;,
  -0.031676;0.862761;-0.101574;,
  0.058223;0.598416;0.065162;,
  0.031894;0.757935;-0.067635;,
  0.115749;0.001223;-0.200738;,
  -0.015445;0.811374;-0.093709;,
  -0.022742;0.807042;-0.099979;,
  -0.023821;0.812061;-0.096853;,
  -0.041105;0.831400;-0.116926;,
  -0.038943;0.824103;-0.106788;,
  -0.025081;0.815317;-0.102000;,
  -0.035298;0.809859;-0.096723;,
  -0.034063;0.802670;-0.101859;,
  -0.048432;0.865529;-0.117259;,
  -0.046283;0.856809;-0.112486;,
  0.089912;0.720466;-0.055113;,
  -0.036381;0.812613;-0.105060;,
  0.061540;0.706735;-0.051606;,
  0.052648;0.700449;-0.063612;,
  0.029877;0.700928;-0.082386;,
  0.004723;0.885337;-0.011853;,
  0.081622;0.221362;-0.108614;,
  0.017861;0.221775;-0.099281;,
  0.032081;0.145515;-0.105959;,
  0.089357;0.147675;-0.109692;,
  0.069086;0.282365;-0.127477;,
  0.017372;0.280824;-0.104714;,
  0.063711;0.374243;-0.097799;,
  0.004235;0.370328;-0.077646;,
  0.049402;0.467026;-0.066383;,
  -0.002247;0.457187;-0.060438;,
  0.025361;0.502232;-0.043629;,
  0.035384;0.073314;-0.114075;,
  0.102296;0.068352;-0.110344;,
  0.079422;0.137473;-0.010603;,
  0.090034;0.068134;-0.014476;,
  0.043920;0.058903;0.065240;,
  0.039342;0.131637;0.058119;,
  0.030352;0.198007;0.044584;,
  0.065116;0.209706;-0.012679;,
  0.030102;0.257678;0.044006;,
  0.061391;0.257244;-0.012948;,
  0.047430;0.337969;0.019105;,
  0.034140;0.340456;0.052985;,
  0.046772;0.412960;0.068081;,
  0.061540;0.706735;-0.051606;,
  -0.073293;0.751119;0.017127;,
  -0.080324;0.731681;0.029602;,
  -0.047950;0.736747;0.002672;,
  -0.037374;0.768545;0.000595;,
  -0.076598;0.715749;0.047460;,
  -0.067112;0.685065;0.067647;,
  -0.066039;0.674010;0.021488;,
  -0.060630;0.702886;0.006038;,
  -0.014172;0.798443;0.018891;,
  0.002168;0.790201;0.055339;,
  -0.025277;0.787374;0.076380;,
  -0.047566;0.786027;0.045793;,
  -0.043492;0.526769;0.093310;,
  -0.034502;0.540015;0.090433;,
  0.005483;0.536470;0.090514;,
  0.004391;0.521317;0.093305;,
  -0.059799;0.549368;0.041639;,
  -0.064257;0.518311;0.056339;,
  -0.052831;0.551210;0.000913;,
  -0.066162;0.501527;0.019546;,
  -0.046164;0.495887;-0.003938;,
  0.041442;0.537160;0.067466;,
  0.040857;0.520407;0.072000;,
  0.029138;0.653683;0.102917;,
  0.027541;0.702579;0.102068;,
  0.068042;0.697911;0.062042;,
  0.066965;0.653139;0.067086;,
  -0.067673;0.454125;-0.001664;,
  -0.079436;0.450649;0.047573;,
  -0.114580;0.358153;0.039423;,
  -0.095975;0.358838;-0.004267;,
  -0.120384;0.264534;0.040664;,
  -0.118484;0.261137;-0.011389;,
  -0.017311;0.443455;-0.006605;,
  -0.043382;0.346815;-0.006868;,
  -0.011960;0.335304;0.061334;,
  0.030776;0.418247;0.062523;,
  -0.074406;0.254694;0.008828;,
  -0.055077;0.258226;0.045355;,
  -0.083123;0.348650;0.095240;,
  -0.048659;0.422009;0.093071;,
  -0.089272;0.267052;0.065782;,
  -0.098285;-0.001503;0.121537;,
  -0.065688;-0.001525;0.153192;,
  -0.038774;-0.001071;0.131044;,
  -0.065809;-0.000926;0.090393;,
  -0.107464;0.205124;0.026527;,
  -0.118403;0.216777;0.066019;,
  -0.112864;0.146298;0.090189;,
  -0.103749;0.135529;0.051698;,
  -0.101505;0.069994;0.115418;,
  -0.101694;0.063520;0.081377;,
  -0.059489;0.188040;0.029840;,
  -0.065295;0.135553;0.057164;,
  -0.040618;0.154827;0.086383;,
  -0.032081;0.217597;0.068336;,
  -0.074338;0.060338;0.090874;,
  -0.061525;0.081166;0.113226;,
  -0.093012;0.163008;0.118692;,
  -0.092526;0.235991;0.103510;,
  -0.081442;0.088343;0.125662;,
  -0.067440;0.488609;0.058469;,
  -0.017311;0.443455;-0.006605;,
  0.012951;0.472942;0.100997;,
  -0.042411;0.474333;0.104872;,
  0.008235;0.430020;0.090886;,
  -0.042797;0.431069;0.095138;,
  0.023216;0.599375;0.096898;,
  -0.004921;0.651635;0.114969;,
  -0.025265;0.655312;0.112094;,
  -0.017009;0.600205;0.101840;,
  -0.046558;0.602813;0.062046;,
  -0.059921;0.653522;0.072691;,
  -0.050557;0.598951;0.025988;,
  -0.062623;0.647022;0.024655;,
  -0.112669;0.751893;0.015614;,
  -0.149216;0.718059;0.006417;,
  -0.066026;0.726366;0.023887;,
  -0.178710;0.676922;0.015529;,
  -0.140518;0.647346;0.019255;,
  -0.102916;0.680043;0.007441;,
  -0.081911;0.706713;0.079326;,
  -0.102916;0.680043;0.007441;,
  -0.114159;0.667886;0.071405;,
  -0.140518;0.647346;0.019255;,
  -0.155767;0.623394;0.036696;,
  -0.089199;0.711231;0.086735;,
  -0.160380;0.706183;0.070533;,
  -0.123844;0.738769;0.079266;,
  -0.193933;0.652715;0.032721;,
  -0.122953;0.751855;0.043728;,
  -0.166902;0.699304;0.019587;,
  -0.132774;0.715784;-0.026598;,
  -0.101658;0.696333;-0.025670;,
  -0.119454;0.667298;0.024553;,
  -0.107389;0.728112;-0.068271;,
  -0.088667;0.717278;-0.064136;,
  -0.119454;0.667298;0.024553;,
  -0.101658;0.696333;-0.025670;,
  -0.133233;0.659043;-0.055442;,
  -0.147597;0.619997;-0.005129;,
  -0.088667;0.717278;-0.064136;,
  -0.104744;0.688345;-0.079166;,
  -0.157057;0.674090;-0.055719;,
  -0.194647;0.652005;-0.009972;,
  -0.122045;0.700246;-0.087894;,
  -0.049982;0.735451;-0.168881;,
  -0.062897;0.690839;-0.158014;,
  -0.072302;0.692586;-0.138530;,
  -0.059500;0.737767;-0.149185;,
  -0.082424;0.766322;-0.142959;,
  -0.093188;0.769019;-0.146559;,
  -0.089063;0.758425;-0.156150;,
  -0.079097;0.760856;-0.152171;,
  -0.074377;0.691618;-0.100130;,
  -0.078338;0.741170;-0.101165;,
  -0.093394;0.738952;-0.132426;,
  -0.080021;0.688095;-0.136894;,
  -0.096979;0.686085;-0.147213;,
  -0.111691;0.686835;-0.104160;,
  -0.116937;0.738549;-0.104472;,
  -0.110252;0.734912;-0.142225;,
  -0.075396;0.790516;0.057185;,
  -0.095416;0.783937;0.036028;,
  -0.061595;0.776444;0.023998;,
  -0.047566;0.786027;0.045793;,
  -0.009630;0.704939;0.118694;,
  -0.038503;0.784884;0.011956;,
  -0.100570;0.761538;0.022861;,
  -0.093058;0.742909;0.030684;,
  -0.080324;0.731681;0.029602;,
  -0.073293;0.751119;0.017127;,
  -0.027884;0.749675;0.105136;,
  -0.033881;0.752700;0.103371;,
  0.017402;0.745507;0.087074;,
  0.057457;0.736461;0.045939;,
  0.028324;0.780334;0.017072;,
  -0.025277;0.787374;0.076380;,
  -0.033881;0.752700;0.103371;,
  -0.058553;0.717915;0.064810;,
  -0.066026;0.726366;0.023887;,
  -0.042125;0.742826;0.098764;,
  -0.054986;0.684783;0.075748;,
  -0.034362;0.695448;0.101371;,
  -0.076598;0.715749;0.047460;,
  -0.026438;0.701776;0.114565;,
  -0.078338;0.741170;-0.101165;,
  -0.059981;0.798155;-0.010960;,
  -0.048178;0.809050;0.005203;,
  -0.023519;0.819585;0.004987;,
  0.007479;0.799788;-0.000824;,
  -0.110252;0.734912;-0.142225;,
  -0.049982;0.735451;-0.168881;,
  -0.062897;0.690839;-0.158014;,
  -0.106424;0.759211;-0.135369;,
  -0.083176;0.760179;-0.123987;,
  -0.083176;0.760179;-0.123987;,
  -0.081512;0.749056;-0.137782;,
  -0.103080;0.738945;-0.143975;,
  -0.103080;0.738945;-0.143975;,
  -0.093188;0.769019;-0.146559;,
  -0.082424;0.766322;-0.142959;,
  -0.089063;0.758425;-0.156150;,
  -0.152563;0.020039;0.066749;,
  -0.161256;-0.001657;0.064601;,
  -0.157836;-0.001225;0.012854;,
  -0.152364;0.017374;0.017698;,
  -0.043047;0.032377;0.120735;,
  -0.066627;0.024044;0.087757;,
  -0.065809;-0.000926;0.090393;,
  -0.038774;-0.001071;0.131044;,
  -0.061525;0.081166;0.113226;,
  -0.075287;0.034885;0.146989;,
  -0.081442;0.088343;0.125662;,
  -0.098285;-0.001503;0.121537;,
  -0.101097;0.033425;0.120640;,
  -0.065688;-0.001525;0.153192;,
  -0.101694;0.063520;0.081377;,
  -0.101505;0.069994;0.115418;,
  -0.124538;0.014687;0.008066;,
  -0.124326;-0.000775;-0.001532;,
  -0.124326;-0.000775;-0.001532;,
  -0.161256;-0.001657;0.064601;,
  -0.043382;0.346815;-0.006868;,
  -0.074406;0.254694;0.008828;,
  -0.059489;0.188040;0.029840;,
  -0.065295;0.135553;0.057164;,
  -0.074338;0.060338;0.090874;,
  -0.074338;0.060338;0.090874;,
  -0.076102;0.796479;-0.036377;,
  -0.055036;0.790993;-0.028075;,
  -0.057430;0.788257;-0.053924;,
  -0.067618;0.792622;-0.055708;,
  -0.071845;0.819231;-0.015346;,
  -0.065506;0.832733;0.003628;,
  -0.080278;0.934981;-0.063313;,
  -0.062046;0.943561;-0.064853;,
  -0.081544;0.862023;-0.102351;,
  -0.064988;0.863777;-0.109805;,
  -0.083746;0.891228;-0.097354;,
  -0.077811;0.810695;-0.060803;,
  -0.087091;0.822647;-0.035190;,
  -0.076685;0.808787;-0.028824;,
  -0.095084;0.858351;-0.021581;,
  -0.098457;0.865408;-0.044838;,
  -0.094286;0.858965;-0.070983;,
  -0.097753;0.897010;-0.081067;,
  -0.105825;0.900562;-0.054565;,
  -0.092805;0.864454;-0.006092;,
  -0.083292;0.877025;0.012607;,
  -0.044931;0.887414;0.021339;,
  -0.087560;0.922129;-0.004705;,
  -0.055554;0.932061;0.003352;,
  -0.089856;0.836967;-0.067521;,
  -0.067084;0.801703;-0.074052;,
  -0.075458;0.832321;-0.090939;,
  -0.048022;0.779516;-0.083916;,
  -0.083211;0.911985;-0.090935;,
  -0.097273;0.920922;-0.060689;,
  -0.093215;0.932848;-0.033637;,
  -0.102411;0.914179;-0.022290;,
  -0.077356;0.942540;-0.028886;,
  -0.060934;0.948588;-0.027808;,
  -0.037093;0.848734;0.013814;,
  -0.102411;0.914179;-0.022290;,
  -0.093215;0.932848;-0.033637;,
  -0.093799;0.823888;-0.035742;,
  -0.098004;0.851594;-0.034035;,
  -0.108763;0.868770;-0.030552;,
  -0.109356;0.850211;-0.020125;,
  -0.093799;0.823888;-0.035742;,
  -0.109356;0.850211;-0.020125;,
  -0.108763;0.868770;-0.030552;,
  -0.098457;0.865408;-0.044838;,
  -0.093986;0.840980;-0.048921;,
  -0.087091;0.822647;-0.035190;,
  -0.079943;0.853992;-0.093311;,
  -0.093986;0.840980;-0.048921;,
  -0.059981;0.798155;-0.010960;,
  -0.038503;0.784884;0.011956;,
  -0.061595;0.776444;0.023998;,
  -0.071845;0.819231;-0.015346;,
  0.049440;0.473640;0.079990;,
  0.047485;0.440548;0.071175;,
  0.028955;0.418944;0.052579;,
  0.014605;0.436599;0.011293;,
  -0.077356;0.942540;-0.028886;,
  -0.060934;0.948588;-0.027808;,
  -0.055561;0.809458;-0.092304;,
  -0.051444;0.822919;-0.101176;,
  -0.053312;0.832364;-0.101899;,
  -0.060717;0.856543;-0.099859;,
  0.058223;0.598416;0.065162;,
  -0.061595;0.776444;0.023998;,
  -0.157836;-0.001225;0.012854;,
  -0.045892;0.802085;-0.098611;,
  -0.053564;0.803212;-0.091458;,
  -0.046610;0.807181;-0.095507;,
  -0.047377;0.810543;-0.100683;,
  -0.042125;0.742826;0.098764;,
  -0.043481;0.724050;0.072705;,
  -0.058553;0.717915;0.064810;,
  -0.076598;0.715749;0.047460;,
  -0.092805;0.864454;-0.006092;,
  -0.062724;0.207612;-0.033029;,
  -0.068484;0.133256;-0.018112;,
  -0.022751;0.140357;-0.072346;,
  -0.022354;0.217453;-0.068837;,
  -0.070833;0.267282;-0.040859;,
  -0.025879;0.274379;-0.069470;,
  -0.045753;0.359301;-0.037287;,
  -0.020677;0.363776;-0.056226;,
  -0.030950;0.447263;-0.035821;,
  -0.018057;0.449212;-0.048174;,
  -0.016327;0.493464;-0.035357;,
  -0.046164;0.495887;-0.003938;,
  -0.071178;0.062420;-0.010878;,
  -0.024801;0.074830;-0.078759;,
  -0.018859;0.079372;0.125351;,
  -0.081430;0.088342;0.125656;,
  -0.093012;0.163008;0.118692;,
  -0.023304;0.151182;0.103390;,
  -0.092526;0.235991;0.103510;,
  -0.030788;0.218922;0.085577;,
  -0.031413;0.258637;0.069999;,
  -0.089272;0.267052;0.065782;,
  -0.083123;0.348650;0.095240;,
  -0.002376;0.332037;0.075610;,
  0.047485;0.440548;0.071175;,
  0.008235;0.430020;0.090886;,
  -0.043481;0.724050;0.072705;,
  -0.067673;0.454125;-0.001664;,
  -0.095975;0.358838;-0.004267;,
  -0.118484;0.261137;-0.011389;,
  -0.107464;0.205124;0.026527;,
  -0.103749;0.135529;0.051698;,
  -0.101694;0.063520;0.081377;,
  0.121265;0.352707;-0.017834;,
  0.076546;0.435072;0.048504;,
  0.105227;0.428280;0.008369;,
  0.101625;0.271448;-0.050706;,
  0.127411;0.227240;-0.038108;,
  0.130883;0.153683;-0.049708;,
  0.117308;0.082429;-0.059906;,
  -0.048659;0.422009;0.093071;;
  916;
  3;0,2,1;,
  3;2,0,3;,
  3;4,6,5;,
  3;6,4,7;,
  3;8,10,9;,
  3;10,8,11;,
  3;12,14,13;,
  3;14,12,15;,
  3;16,12,17;,
  3;12,16,15;,
  3;18,20,19;,
  3;20,18,16;,
  3;5,22,21;,
  3;22,5,6;,
  3;13,24,23;,
  3;24,13,14;,
  3;25,27,26;,
  3;27,25,28;,
  3;29,31,30;,
  3;31,29,32;,
  3;31,33,30;,
  3;33,31,34;,
  3;35,37,36;,
  3;37,35,38;,
  3;38,39,37;,
  3;39,38,40;,
  3;36,42,41;,
  3;42,36,37;,
  3;37,43,42;,
  3;43,37,39;,
  3;41,31,32;,
  3;31,41,42;,
  3;42,34,31;,
  3;34,42,43;,
  3;44,46,45;,
  3;46,44,47;,
  3;48,50,49;,
  3;50,48,51;,
  3;49,53,52;,
  3;53,49,50;,
  3;54,56,55;,
  3;56,54,57;,
  3;57,58,56;,
  3;58,57,59;,
  3;55,61,60;,
  3;61,55,56;,
  3;56,62,61;,
  3;62,56,58;,
  3;60,50,51;,
  3;50,60,61;,
  3;61,53,50;,
  3;53,61,62;,
  3;32,20,63;,
  3;20,32,29;,
  3;64,66,65;,
  3;66,64,19;,
  3;13,67,12;,
  3;67,13,68;,
  3;68,69,67;,
  3;69,68,70;,
  3;70,41,69;,
  3;41,70,36;,
  3;48,34,51;,
  3;34,48,33;,
  3;51,43,60;,
  3;43,51,34;,
  3;43,55,60;,
  3;55,43,39;,
  3;39,54,55;,
  3;54,39,40;,
  3;12,63,17;,
  3;63,12,67;,
  3;67,32,63;,
  3;32,67,69;,
  3;69,41,32;,
  3;71,72,25;,
  3;73,75,74;,
  3;75,73,76;,
  3;75,77,74;,
  3;77,75,78;,
  3;79,78,80;,
  3;78,79,77;,
  3;81,83,82;,
  3;83,85,84;,
  3;85,83,86;,
  3;87,89,88;,
  3;89,90,88;,
  3;90,89,91;,
  3;92,94,93;,
  3;92,88,94;,
  3;92,87,88;,
  3;88,95,94;,
  3;95,88,90;,
  3;96,94,83;,
  3;94,86,83;,
  3;86,94,95;,
  3;97,99,98;,
  3;99,97,100;,
  3;100,101,99;,
  3;101,100,102;,
  3;103,105,104;,
  3;105,103,106;,
  3;106,107,105;,
  3;107,106,108;,
  3;104,110,109;,
  3;110,104,105;,
  3;105,111,110;,
  3;111,105,107;,
  3;109,100,97;,
  3;100,109,110;,
  3;110,102,100;,
  3;102,110,111;,
  3;112,114,113;,
  3;114,112,115;,
  3;116,118,117;,
  3;118,116,119;,
  3;120,122,121;,
  3;122,120,123;,
  3;120,125,124;,
  3;125,120,121;,
  3;126,125,127;,
  3;125,126,124;,
  3;95,97,86;,
  3;97,95,109;,
  3;86,98,85;,
  3;98,86,97;,
  3;90,103,104;,
  3;103,90,91;,
  3;104,95,90;,
  3;95,104,109;,
  3;128,96,129;,
  3;96,128,93;,
  3;129,130,128;,
  3;130,129,131;,
  3;72,28,25;,
  3;28,72,132;,
  3;9,133,8;,
  3;134,136,135;,
  3;136,134,137;,
  3;81,137,134;,
  3;138,11,139;,
  3;138,10,11;,
  3;138,140,10;,
  3;141,11,142;,
  3;11,141,139;,
  3;128,130,143;,
  3;93,144,92;,
  3;93,143,144;,
  3;93,128,143;,
  3;145,87,146;,
  3;87,145,147;,
  3;74,148,73;,
  3;148,74,149;,
  3;150,147,145;,
  3;7,149,74;,
  3;148,151,73;,
  3;102,152,101;,
  3;152,102,126;,
  3;102,124,126;,
  3;124,102,111;,
  3;111,120,124;,
  3;120,111,107;,
  3;120,108,123;,
  3;108,120,107;,
  3;8,154,153;,
  3;154,8,133;,
  3;153,155,8;,
  3;155,153,156;,
  3;121,113,114;,
  3;113,121,122;,
  3;122,112,113;,
  3;112,122,157;,
  3;158,125,159;,
  3;125,158,127;,
  3;159,121,114;,
  3;121,159,125;,
  3;126,160,152;,
  3;160,126,161;,
  3;162,122,123;,
  3;122,162,163;,
  3;122,164,157;,
  3;164,122,163;,
  3;165,126,127;,
  3;126,165,161;,
  3;161,166,160;,
  3;166,161,167;,
  3;162,117,163;,
  3;117,162,116;,
  3;163,118,164;,
  3;118,163,117;,
  3;165,167,161;,
  3;167,165,168;,
  3;169,171,170;,
  3;171,169,172;,
  3;173,175,174;,
  3;175,173,176;,
  3;177,179,178;,
  3;179,177,173;,
  3;180,179,181;,
  3;179,180,182;,
  3;183,169,170;,
  3;169,183,184;,
  3;175,186,185;,
  3;186,175,176;,
  3;45,187,44;,
  3;187,45,188;,
  3;180,169,182;,
  3;169,180,172;,
  3;19,29,66;,
  3;20,29,19;,
  3;29,30,189;,
  3;30,190,189;,
  3;190,30,33;,
  3;33,191,190;,
  3;191,33,48;,
  3;191,49,192;,
  3;49,191,48;,
  3;192,52,193;,
  3;52,192,49;,
  3;194,170,186;,
  3;170,194,183;,
  3;170,185,186;,
  3;185,170,171;,
  3;186,176,194;,
  3;194,173,177;,
  3;173,194,176;,
  3;179,174,181;,
  3;174,179,173;,
  3;178,182,184;,
  3;182,178,179;,
  3;182,169,184;,
  3;16,17,20;,
  3;17,63,20;,
  3;66,195,65;,
  3;196,198,197;,
  3;198,196,199;,
  3;200,153,154;,
  3;153,200,201;,
  3;202,204,203;,
  3;205,207,206;,
  3;196,209,208;,
  3;209,196,197;,
  3;210,208,211;,
  3;208,210,196;,
  3;212,214,213;,
  3;214,212,215;,
  3;212,213,211;,
  3;201,217,216;,
  3;217,201,200;,
  3;218,220,219;,
  3;220,218,216;,
  3;210,199,196;,
  3;214,205,206;,
  3;221,223,222;,
  3;197,198,224;,
  3;224,226,225;,
  3;226,224,198;,
  3;227,214,206;,
  3;228,229,213;,
  3;229,228,230;,
  3;219,232,231;,
  3;214,228,213;,
  3;156,201,233;,
  3;201,156,153;,
  3;233,216,218;,
  3;216,233,201;,
  3;220,216,234;,
  3;235,220,234;,
  3;236,238,237;,
  3;238,236,239;,
  3;208,240,211;,
  3;240,208,241;,
  3;211,242,212;,
  3;242,211,240;,
  3;243,239,244;,
  3;239,243,238;,
  3;244,236,245;,
  3;236,244,239;,
  3;246,221,222;,
  3;221,246,215;,
  3;221,212,247;,
  3;212,221,215;,
  3;199,248,1;,
  3;248,199,249;,
  3;133,9,250;,
  3;249,210,251;,
  3;210,249,199;,
  3;210,211,251;,
  3;252,2,253;,
  3;2,252,1;,
  3;19,254,18;,
  3;254,19,64;,
  3;23,68,13;,
  3;68,23,255;,
  3;68,256,70;,
  3;256,68,255;,
  3;256,36,70;,
  3;36,256,257;,
  3;258,1,252;,
  3;1,258,199;,
  3;257,259,36;,
  3;36,259,35;,
  3;260,203,261;,
  3;203,260,202;,
  3;262,263,222;,
  3;263,262,264;,
  3;198,258,226;,
  3;258,198,199;,
  3;265,204,227;,
  3;265,206,266;,
  3;206,265,227;,
  3;222,267,246;,
  3;267,222,263;,
  3;89,87,147;,
  3;82,83,84;,
  3;78,16,18;,
  3;16,78,75;,
  3;75,15,16;,
  3;15,75,76;,
  3;15,71,14;,
  3;71,15,76;,
  3;14,268,24;,
  3;268,14,71;,
  3;248,269,1;,
  3;1,269,0;,
  3;135,129,134;,
  3;129,135,131;,
  3;134,96,81;,
  3;96,134,129;,
  3;96,83,81;,
  3;94,96,93;,
  3;29,189,66;,
  3;205,215,246;,
  3;267,205,246;,
  3;205,267,207;,
  3;205,214,215;,
  3;187,188,270;,
  3;224,272,271;,
  3;223,221,209;,
  3;224,223,197;,
  3;271,273,262;,
  3;273,271,272;,
  3;263,275,274;,
  3;273,276,262;,
  3;277,272,278;,
  3;272,277,273;,
  3;223,271,262;,
  3;271,223,224;,
  3;223,209,197;,
  3;208,221,247;,
  3;221,208,209;,
  3;222,223,262;,
  3;266,207,279;,
  3;207,266,206;,
  3;207,280,279;,
  3;280,207,267;,
  3;280,263,274;,
  3;263,280,267;,
  3;264,262,276;,
  3;76,73,72;,
  3;138,281,140;,
  3;73,132,72;,
  3;132,73,151;,
  3;72,71,76;,
  3;272,225,278;,
  3;155,11,8;,
  3;276,277,282;,
  3;277,276,273;,
  3;275,276,282;,
  3;276,275,264;,
  3;28,141,27;,
  3;141,28,139;,
  3;139,132,138;,
  3;132,139,28;,
  3;132,281,138;,
  3;281,132,151;,
  3;281,148,283;,
  3;148,281,151;,
  3;283,149,284;,
  3;149,283,148;,
  3;7,284,149;,
  3;284,7,4;,
  3;6,79,22;,
  3;79,6,77;,
  3;77,7,74;,
  3;7,77,6;,
  3;5,3,4;,
  3;3,5,2;,
  3;285,137,82;,
  3;137,285,136;,
  3;137,81,82;,
  3;92,146,87;,
  3;146,92,144;,
  3;2,21,253;,
  3;21,2,5;,
  3;286,213,229;,
  3;251,211,286;,
  3;213,286,211;,
  3;234,216,217;,
  3;227,202,228;,
  3;202,230,228;,
  3;230,202,260;,
  3;232,220,235;,
  3;228,214,227;,
  3;26,71,25;,
  3;71,26,268;,
  3;155,142,11;,
  3;18,80,78;,
  3;80,18,254;,
  3;272,224,225;,
  3;275,263,264;,
  3;202,227,204;,
  3;232,219,220;,
  3;287,289,288;,
  3;289,287,290;,
  3;291,288,292;,
  3;288,291,287;,
  3;293,292,294;,
  3;292,293,291;,
  3;295,294,296;,
  3;294,295,293;,
  3;296,297,295;,
  3;298,290,299;,
  3;290,298,289;,
  3;300,302,301;,
  3;302,300,303;,
  3;304,300,305;,
  3;300,304,303;,
  3;306,305,307;,
  3;305,306,304;,
  3;308,306,307;,
  3;306,308,309;,
  3;308,310,309;,
  3;145,146,311;,
  3;312,314,313;,
  3;314,312,315;,
  3;316,318,317;,
  3;318,316,319;,
  3;320,322,321;,
  3;322,320,323;,
  3;324,326,325;,
  3;326,324,327;,
  3;328,324,325;,
  3;324,328,329;,
  3;330,331,328;,
  3;331,330,332;,
  3;319,22,318;,
  3;22,319,21;,
  3;327,333,326;,
  3;333,327,334;,
  3;335,337,336;,
  3;337,335,338;,
  3;339,341,340;,
  3;341,339,342;,
  3;341,344,343;,
  3;344,341,342;,
  3;345,347,346;,
  3;347,345,348;,
  3;346,350,349;,
  3;350,346,347;,
  3;348,351,347;,
  3;351,348,352;,
  3;347,353,350;,
  3;353,347,351;,
  3;352,341,351;,
  3;341,352,340;,
  3;351,343,353;,
  3;343,351,341;,
  3;354,356,355;,
