xof 0303txt 0032
template XSkinMeshHeader {
 <3cf169ce-ff7c-44ab-93c0-f78f62d172e2>
 WORD nMaxSkinWeightsPerVertex;
 WORD nMaxSkinWeightsPerFace;
 WORD nBones;
}

template VertexDuplicationIndices {
 <b8d65549-d7c9-4995-89cf-53a9a8b031e3>
 DWORD nIndices;
 DWORD nOriginalVertices;
 array DWORD indices[nIndices];
}

template SkinWeights {
 <6f0d123b-bad2-4167-a0d0-80224f25fabb>
 STRING transformNodeName;
 DWORD nWeights;
 array DWORD vertexIndices[nWeights];
 array FLOAT weights[nWeights];
 Matrix4x4 matrixOffset;
}

template AnimTicksPerSecond {
 <9e415a43-7ba6-4a73-8743-b73d47e88476>
 DWORD AnimTicksPerSecond;
}

template VertexElement {
 <f752461c-1e23-48f6-b9f8-8350850f336f>
 DWORD Type;
 DWORD Method;
 DWORD Usage;
 DWORD UsageIndex;
}

template DeclData {
 <bf22e553-292c-4781-9fea-62bd554bdd93>
 DWORD nElements;
 array VertexElement Elements[nElements];
 DWORD nDWords;
 array DWORD data[nDWords];
}


AnimTicksPerSecond {
 4800;
}

Frame Dummy01 {
 

 FrameTransformMatrix {
  1.000000,0.000000,0.000000,0.000000,0.000000,-0.000000,-1.000000,0.000000,0.000000,1.000000,-0.000000,0.000000,0.000000,0.000000,0.000000,1.000000;;
 }

 Frame Bip01 {
  

  FrameTransformMatrix {
   -0.489720,0.856107,0.165090,0.000000,0.089573,-0.138946,0.986241,0.000000,0.867266,0.497770,-0.008639,0.000000,0.009533,-0.010862,0.491068,1.000000;;
  }

  Frame Bip01_Pelvis {
   

   FrameTransformMatrix {
    -0.000000,0.996195,-0.087157,0.000000,-0.000001,0.087157,0.996195,0.000000,1.000000,0.000000,0.000001,0.000000,0.000000,0.000000,0.000000,1.000000;;
   }

   Frame Bip01_Spine {
    

    FrameTransformMatrix {
     0.989594,0.075840,0.122277,0.000000,-0.105082,0.961449,0.254113,0.000000,-0.098291,-0.264318,0.959414,0.000000,0.051445,0.004523,-0.000081,1.000000;;
    }

    Frame Bip01_Spine1 {
     

     FrameTransformMatrix {
      0.926006,0.059711,0.372757,0.000000,-0.104525,0.989362,0.101179,0.000000,-0.362750,-0.132655,0.922397,0.000000,0.106511,0.000011,-0.000078,1.000000;;
     }

     Frame Bip01_Neck {
      

      FrameTransformMatrix {
       0.962500,0.175983,0.206457,0.000000,-0.086356,0.920206,-0.381789,0.000000,-0.257171,0.349643,0.900896,0.000000,0.130511,-0.000009,0.004628,1.000000;;
      }

      Frame Bip01_Head {
       

       FrameTransformMatrix {
        0.937460,-0.138847,-0.319202,0.000000,-0.029146,0.882473,-0.469458,0.000000,0.346870,0.449402,0.823237,0.000000,0.033674,0.000000,0.000000,1.000000;;
       }

       Frame Bip01_HeadNub {
        

        FrameTransformMatrix {
         1.000000,0.000000,0.000000,0.000000,-0.000000,1.000000,0.000000,0.000000,0.000000,-0.000000,1.000000,0.000000,0.169824,0.000000,0.000000,1.000000;;
        }
       }
      }

      Frame Bip01_L_Clavicle {
       

       FrameTransformMatrix {
        -0.040977,0.925304,0.377006,0.000000,0.976588,0.116841,-0.180624,0.000000,-0.211182,0.360778,-0.908428,0.000000,-0.021319,0.018311,0.007509,1.000000;;
       }

       Frame Bip01_L_UpperArm {
        

        FrameTransformMatrix {
         0.654340,0.006892,-0.756169,0.000000,0.587308,0.625267,0.513918,0.000000,0.476349,-0.780381,0.405089,0.000000,0.087086,-0.000000,0.000000,1.000000;;
        }

        Frame Bip01_L_Forearm {
         

         FrameTransformMatrix {
          0.485251,0.000000,-0.874375,0.000000,-0.000000,1.000000,0.000000,0.000000,0.874375,0.000000,0.485251,0.000000,0.137062,0.000000,-0.000000,1.000000;;
         }

         Frame Bip01_L_Hand {
          

          FrameTransformMatrix {
           0.897136,-0.233859,0.374777,0.000000,-0.177583,-0.967733,-0.178764,0.000000,0.404490,0.093822,-0.909717,0.000000,0.137062,-0.000000,-0.000000,1.000000;;
          }

          Frame Bip01_L_Finger0 {
           

           FrameTransformMatrix {
            0.191229,-0.953701,0.232135,0.000000,0.953255,0.236821,0.187675,0.000000,-0.233961,0.185395,0.954407,0.000000,0.057681,-0.023605,-0.000272,1.000000;;
           }

           Frame Bip01_L_Finger0Nub {
            

            FrameTransformMatrix {
             1.000000,-0.000000,0.000000,0.000000,-0.000000,1.000000,-0.000000,0.000000,0.000000,-0.000000,1.000000,0.000000,0.029435,0.000000,0.000000,1.000000;;
            }
           }
          }

          Frame Bip01_L_Finger1 {
           

           FrameTransformMatrix {
            0.270271,-0.226732,0.935706,0.000000,-0.220296,0.931529,0.289350,0.000000,-0.937242,-0.284335,0.201817,0.000000,0.084102,-0.000000,0.000000,1.000000;;
           }

           Frame Bip01_L_Finger1Nub {
            

            FrameTransformMatrix {
             1.000000,-0.000000,0.000000,0.000000,-0.000000,1.000000,0.000000,0.000000,0.000000,0.000000,1.000000,0.000000,0.047988,0.000000,0.000000,1.000000;;
            }
           }
          }
         }
        }
       }
      }

      Frame Bip01_R_Clavicle {
       

       FrameTransformMatrix {
        -0.046950,-0.993720,-0.101574,0.000000,-0.967602,0.019989,0.251689,0.000000,-0.248078,0.110100,-0.962463,0.000000,-0.026850,-0.010610,-0.003480,1.000000;;
       }

       Frame Bip01_R_UpperArm {
        

        FrameTransformMatrix {
         0.340783,0.554493,-0.759213,0.000000,-0.599339,0.750312,0.278971,0.000000,0.724334,0.359957,0.588023,0.000000,0.087086,0.000000,0.000000,1.000000;;
        }

        Frame Bip01_R_Forearm {
         

         FrameTransformMatrix {
          -0.479632,0.000000,-0.877470,0.000000,-0.000000,1.000000,0.000000,0.000000,0.877470,-0.000000,-0.479632,0.000000,0.137062,-0.000000,0.000000,1.000000;;
         }

         Frame Bip01_R_Hand {
          

          FrameTransformMatrix {
           0.812132,-0.032155,0.582586,0.000000,0.427796,-0.646176,-0.632018,0.000000,0.396776,0.762511,-0.511025,0.000000,0.137062,0.000000,0.000000,1.000000;;
          }

          Frame Bip01_R_Finger0 {
           

           FrameTransformMatrix {
            0.588859,0.721892,0.363479,0.000000,-0.753496,0.653020,-0.076224,0.000000,-0.292385,-0.228995,0.928479,0.000000,0.057681,0.023605,-0.000272,1.000000;;
           }

           Frame Bip01_R_Finger0Nub {
            

            FrameTransformMatrix {
             -1.000000,-0.000000,0.000000,0.000000,0.000000,1.000000,-0.000000,0.000000,0.000000,-0.000000,-1.000000,0.000000,0.029435,0.000000,0.000000,1.000000;;
            }
           }
          }

          Frame Bip01_R_Finger1 {
           

           FrameTransformMatrix {
            0.201209,0.000780,0.979548,0.000000,-0.000000,1.000000,-0.000796,0.000000,-0.979548,0.000160,0.201209,0.000000,0.084102,0.000000,-0.000000,1.000000;;
           }

           Frame Bip01_R_Finger1Nub {
            

            FrameTransformMatrix {
             -1.000000,-0.000000,-0.000000,0.000000,0.000000,1.000000,0.000000,0.000000,0.000000,-0.000000,-1.000000,0.000000,0.047988,0.000000,-0.000000,1.000000;;
            }
           }
          }
         }
        }
       }
      }
     }

     Frame Bip01_BackPack {
      

      FrameTransformMatrix {
       0.015425,-0.000056,-0.999881,0.000000,0.067767,0.997701,0.000989,0.000000,0.997582,-0.067774,0.015393,0.000000,0.063696,0.000003,-0.088849,1.000000;;
      }

      Frame Bip01_BackPackNub {
       

       FrameTransformMatrix {
        0.000796,0.000003,1.000000,0.000000,-0.000000,-1.000000,0.000003,0.000000,1.000000,0.000000,-0.000796,0.000000,0.053240,0.000000,0.000000,1.000000;;
       }
      }
     }
    }

    Frame Bip01_L_Thigh {
     

     FrameTransformMatrix {
      -0.958174,0.261553,0.116157,0.000000,-0.157572,-0.820972,0.548796,0.000000,0.238901,0.507539,0.827847,0.000000,-0.047055,0.054175,-0.008267,1.000000;;
     }

     Frame Bip01_L_Calf {
      

      FrameTransformMatrix {
       0.952160,-0.000000,-0.305599,0.000000,-0.000000,1.000000,0.000000,0.000000,0.305599,0.000000,0.952160,0.000000,0.237500,0.000000,0.000000,1.000000;;
      }

      Frame Bip01_L_Foot {
       

       FrameTransformMatrix {
        0.995438,0.089102,0.034109,0.000000,-0.094936,0.960555,0.261385,0.000000,-0.009473,-0.263431,0.964632,0.000000,0.206841,-0.000000,-0.000000,1.000000;;
       }

       Frame Bip01_L_Toe0 {
        

        FrameTransformMatrix {
         -0.281148,0.092895,0.955158,0.000000,0.009522,0.995525,-0.094018,0.000000,-0.959617,-0.017338,-0.280775,0.000000,0.065373,-0.000000,0.066450,1.000000;;
        }

        Frame Bip01_L_Toe0Nub {
         

         FrameTransformMatrix {
          -1.000000,-0.000000,0.000000,0.000000,-0.000000,1.000000,0.000000,0.000000,-0.000000,-0.000000,-1.000000,0.000000,0.006735,0.000000,0.000000,1.000000;;
         }
        }
       }
      }
     }
    }

    Frame Bip01_R_Thigh {
     

     FrameTransformMatrix {
      -0.973556,-0.149359,0.172857,0.000000,0.187323,-0.955036,0.229820,0.000000,0.130759,0.256123,0.957760,0.000000,-0.055431,-0.052018,0.020927,1.000000;;
     }

     Frame Bip01_R_Calf {
      

      FrameTransformMatrix {
       0.868534,0.000000,-0.495629,0.000000,-0.000000,1.000000,0.000000,0.000000,0.495629,0.000000,0.868534,0.000000,0.237500,0.000000,-0.000000,1.000000;;
      }

      Frame Bip01_R_Foot {
       

       FrameTransformMatrix {
        0.923645,-0.196319,0.329148,0.000000,0.231865,0.970076,-0.072052,0.000000,-0.305154,0.142869,0.941525,0.000000,0.206841,-0.000000,-0.000000,1.000000;;
       }

       Frame Bip01_R_Toe0 {
        

        FrameTransformMatrix {
         0.793110,-0.384599,0.472293,0.000000,-0.009867,0.767207,0.641323,0.000000,-0.608999,-0.513300,0.604684,0.000000,0.065373,0.000000,0.066450,1.000000;;
        }

        Frame Bip01_R_Toe0Nub {
         

         FrameTransformMatrix {
          1.000000,0.000000,0.000000,0.000000,0.000000,1.000000,-0.000000,0.000000,0.000000,-0.000000,1.000000,0.000000,0.006735,0.000000,0.000000,1.000000;;
         }
        }
       }
      }
     }
    }
   }

   Frame Bip01_DressFront {
    

    FrameTransformMatrix {
     -0.995138,-0.084051,-0.051337,0.000000,-0.083943,0.996462,-0.004265,0.000000,0.051514,0.000066,-0.998672,0.000000,-0.044009,0.001399,0.061087,1.000000;;
    }

    Frame Bip01_DressFront02 {
     

     FrameTransformMatrix {
      0.997128,0.000000,0.075731,0.000000,-0.000000,1.000000,-0.000000,0.000000,-0.075731,-0.000000,0.997128,0.000000,0.183334,0.000000,-0.000131,1.000000;;
     }

     Frame Bip01_DressFrontNub {
      

      FrameTransformMatrix {
       0.000796,0.000003,1.000000,0.000000,0.000000,-1.000000,0.000003,0.000000,1.000000,-0.000000,-0.000796,0.000000,0.165302,-0.000000,0.000000,1.000000;;
      }
     }
    }
   }

   Frame Bip01_DressBack {
    

    FrameTransformMatrix {
     -0.993273,-0.085672,0.077908,0.000000,-0.077909,0.992157,0.097753,0.000000,-0.085671,0.091025,-0.992157,0.000000,-0.047720,-0.000013,-0.078280,1.000000;;
    }

    Frame Bip01_DressBack02 {
     

     FrameTransformMatrix {
      0.931719,0.000001,0.363181,0.000000,-0.000001,1.000000,-0.000000,0.000000,-0.363181,-0.000000,0.931719,0.000000,0.176198,0.000000,-0.000101,1.000000;;
     }

     Frame Bip01_DressBackNub {
      

      FrameTransformMatrix {
       0.000796,0.000003,1.000000,0.000000,0.000000,-1.000000,0.000003,0.000000,1.000000,-0.000000,-0.000796,0.000000,0.136508,-0.000000,-0.000000,1.000000;;
      }
     }
    }
   }
  }

  Frame Bip01_Prop1 {
   

   FrameTransformMatrix {
    -0.489719,0.089574,0.867267,0.000000,0.856108,-0.138946,0.497768,0.000000,0.165090,0.986241,-0.008641,0.000000,0.191034,0.221055,-0.006621,1.000000;;
   }
  }

  Frame Bip01_Prop2 {
   

   FrameTransformMatrix {
    -0.163643,-0.967062,0.194966,0.000000,0.985575,-0.168906,-0.010564,0.000000,0.043147,0.190425,0.980753,0.000000,0.319774,0.180189,0.106474,1.000000;;
   }
  }
 }
}

Frame Translation_Data {
 

 FrameTransformMatrix {
  -0.000000,0.000000,-1.000000,0.000000,-1.000000,-0.000000,0.000000,0.000000,-0.000000,1.000000,0.000000,0.000000,0.000000,-0.000000,0.000000,1.000000;;
 }
}

Frame Body {
 

 FrameTransformMatrix {
  1.000000,0.000000,0.000000,0.000000,0.000000,1.000000,0.000000,0.000000,0.000000,0.000000,1.000000,0.000000,0.000000,0.000000,0.000000,1.000000;;
 }

 Mesh Body {
  617;
  0.018666;0.733421;-0.075336;,
  -0.001398;0.764068;-0.041948;,
  -0.005909;0.730931;-0.048596;,
  0.024636;0.712678;-0.079315;,
  0.029878;0.700928;-0.082386;,
  -0.008933;0.695734;-0.057005;,
  0.004104;0.666956;-0.060085;,
  0.050619;0.673227;-0.069269;,
  0.023701;0.793982;-0.024887;,
  0.052533;0.765218;-0.051806;,
  0.077582;0.770630;-0.042345;,
  0.061369;0.782011;-0.016855;,
  0.101831;0.539662;0.012667;,
  0.077665;0.527819;0.052644;,
  0.077568;0.542004;0.045251;,
  0.094114;0.549888;0.009673;,
  0.059922;0.558558;-0.033535;,
  0.082586;0.531339;-0.025148;,
  0.020136;0.556811;-0.044903;,
  0.025361;0.502232;-0.043629;,
  0.055994;0.512320;-0.047475;,
  -0.037167;0.700280;-0.027550;,
  -0.036421;0.667895;-0.023697;,
  0.040857;0.520406;0.072001;,
  0.041442;0.537159;0.067467;,
  0.099102;0.649812;0.026283;,
  0.066965;0.653140;0.067086;,
  0.068043;0.697911;0.062043;,
  0.101559;0.695137;0.015990;,
  0.049401;0.467026;-0.066383;,
  0.063712;0.374244;-0.097798;,
  0.106951;0.369125;-0.078832;,
  0.092569;0.460451;-0.041264;,
  0.069087;0.282364;-0.127477;,
  0.106589;0.275956;-0.090834;,
  0.009542;0.456711;-0.037647;,
  0.036969;0.416010;0.040762;,
  0.045382;0.341555;0.004727;,
  0.022749;0.361348;-0.065039;,
  0.062198;0.264106;-0.043224;,
  0.050713;0.268936;-0.083527;,
  0.105226;0.428281;0.008369;,
  0.121266;0.352709;-0.017833;,
  0.101627;0.271448;-0.050705;,
  0.129540;-0.000570;-0.077590;,
  0.085120;-0.002809;-0.084431;,
  0.086395;-0.003831;-0.035638;,
  0.121104;-0.002033;-0.032966;,
  0.081621;0.221362;-0.108613;,
  0.089357;0.147674;-0.109691;,
  0.123620;0.148425;-0.087194;,
  0.117969;0.222920;-0.086445;,
  0.102296;0.068351;-0.110342;,
  0.124798;0.068643;-0.084130;,
  0.047929;0.197698;-0.078457;,
  0.058020;0.211364;-0.025371;,
  0.070261;0.147810;-0.037606;,
  0.065688;0.140967;-0.079634;,
  0.094040;0.075195;-0.057533;,
  0.088297;0.058878;-0.087727;,
  0.127410;0.227239;-0.038106;,
  0.130882;0.153683;-0.049707;,
  0.117308;0.082428;-0.059905;,
  0.090043;0.502581;-0.028923;,
  -0.016328;0.493464;-0.035356;,
  -0.009941;0.457232;-0.029640;,
  0.009542;0.456711;-0.037647;,
  0.118094;0.488572;0.015804;,
  0.086226;0.479442;0.060336;,
  0.108227;0.440050;0.011880;,
  0.076545;0.435072;0.048504;,
  0.090311;0.598648;0.030563;,
  0.107610;0.645407;-0.008288;,
  0.102703;0.648229;-0.028071;,
  0.059345;0.646920;-0.057945;,
  0.054977;0.601712;-0.038340;,
  0.095291;0.598987;-0.009189;,
  0.010490;0.642976;-0.055425;,
  0.018565;0.598201;-0.042350;,
  -0.029979;0.650108;-0.021068;,
  -0.019231;0.594021;-0.011459;,
  0.056315;0.745790;-0.117623;,
  0.018569;0.720706;-0.088611;,
  0.057558;0.726391;-0.164390;,
  0.009587;0.696565;-0.144412;,
  0.015154;0.673441;-0.185945;,
  0.053540;0.697450;-0.203488;,
  0.051417;0.669779;-0.082342;,
  0.048169;0.645731;-0.127302;,
  0.009587;0.696565;-0.144412;,
  0.039981;0.630046;-0.186960;,
  0.015154;0.673441;-0.185945;,
  0.062668;0.668428;-0.082453;,
  0.094192;0.694426;-0.101019;,
  0.096318;0.675670;-0.147028;,
  0.078209;0.653908;-0.204620;,
  0.079334;0.727508;-0.111962;,
  0.045949;0.712194;-0.209885;,
  -0.000526;0.684808;-0.190125;,
  -0.028386;0.709854;-0.237859;,
  0.002573;0.726529;-0.248387;,
  -0.043056;0.728694;-0.277542;,
  -0.031208;0.735572;-0.284545;,
  -0.000526;0.684808;-0.190125;,
  0.016546;0.632350;-0.221004;,
  -0.007025;0.667265;-0.269543;,
  -0.028386;0.709854;-0.237859;,
  -0.040274;0.702788;-0.286227;,
  -0.043056;0.728694;-0.277542;,
  0.062815;0.659574;-0.240572;,
  0.016793;0.680230;-0.277204;,
  -0.024435;0.706061;-0.302497;,
  -0.103272;0.760072;-0.374873;,
  -0.083669;0.757136;-0.365335;,
  -0.095702;0.739066;-0.322354;,
  -0.114795;0.742070;-0.332232;,
  -0.041841;0.752745;-0.361564;,
  -0.050540;0.754758;-0.368354;,
  -0.051204;0.744776;-0.372935;,
  -0.037495;0.743560;-0.367296;,
  -0.079198;0.731529;-0.288820;,
  -0.101561;0.719254;-0.316117;,
  -0.060707;0.733677;-0.346253;,
  -0.047040;0.752501;-0.320412;,
  -0.067003;0.696632;-0.296878;,
  -0.101188;0.702158;-0.326398;,
  -0.032435;0.717687;-0.329493;,
  -0.061326;0.715744;-0.354886;,
  0.073307;0.758947;-0.074933;,
  0.054595;0.751102;-0.096712;,
  0.052533;0.765218;-0.051806;,
  0.031893;0.757935;-0.067635;,
  0.112195;0.692688;-0.022983;,
  0.012022;0.779194;-0.046022;,
  0.038598;0.731473;-0.098310;,
  0.018666;0.733421;-0.075336;,
  0.024636;0.712678;-0.079315;,
  0.042220;0.718171;-0.088920;,
  0.097505;0.728761;-0.046903;,
  0.090394;0.735409;-0.001939;,
  0.095370;0.730945;-0.052253;,
  0.057458;0.736462;0.045939;,
  0.028324;0.780334;0.017073;,
  0.077582;0.770630;-0.042345;,
  0.095370;0.730945;-0.052253;,
  0.052648;0.700450;-0.063613;,
  0.089912;0.720465;-0.055114;,
  0.018569;0.720706;-0.088611;,
  0.090241;0.682919;-0.043537;,
  0.060623;0.673157;-0.058700;,
  0.029878;0.700928;-0.082386;,
  0.105115;0.688548;-0.038426;,
  -0.047040;0.752501;-0.320412;,
  0.009801;0.817990;-0.012806;,
  0.013377;0.810113;-0.033625;,
  0.007881;0.799749;-0.000957;,
  -0.012617;0.820735;0.001325;,
  -0.061326;0.715744;-0.354886;,
  -0.103272;0.760072;-0.374873;,
  -0.114795;0.742070;-0.332232;,
  -0.041481;0.749039;-0.341959;,
  -0.039380;0.727322;-0.355921;,
  -0.041481;0.749039;-0.341959;,
  -0.056269;0.747999;-0.351812;,
  -0.061395;0.724764;-0.358107;,
  -0.061395;0.724764;-0.358107;,
  -0.041841;0.752745;-0.361564;,
  -0.037495;0.743560;-0.367296;,
  -0.051204;0.744776;-0.372935;,
  0.140968;0.023274;-0.153173;,
  0.112830;0.019524;-0.193264;,
  0.115748;0.001222;-0.200737;,
  0.148269;0.002152;-0.160349;,
  0.081749;0.029590;-0.045872;,
  0.086395;-0.003831;-0.035638;,
  0.085120;-0.002809;-0.084431;,
  0.082619;0.022098;-0.086566;,
  0.094040;0.075195;-0.057533;,
  0.117308;0.082428;-0.059905;,
  0.122966;0.034782;-0.042838;,
  0.129540;-0.000570;-0.077590;,
  0.121104;-0.002033;-0.032966;,
  0.129006;0.034439;-0.079252;,
  0.102296;0.068351;-0.110342;,
  0.124798;0.068643;-0.084130;,
  0.080110;-0.000843;-0.193267;,
  0.084767;0.014808;-0.185229;,
  0.148269;0.002152;-0.160349;,
  0.080110;-0.000843;-0.193267;,
  0.022749;0.361348;-0.065039;,
  0.050713;0.268936;-0.083527;,
  0.047929;0.197698;-0.078457;,
  0.065688;0.140967;-0.079634;,
  0.088297;0.058878;-0.087727;,
  0.088297;0.058878;-0.087727;,
  0.014605;0.436598;0.011294;,
  0.021073;0.817370;-0.044107;,
  0.012784;0.809922;-0.062445;,
  0.005537;0.801822;-0.059632;,
  0.002329;0.800817;-0.045821;,
  0.010298;0.836903;-0.022189;,
  0.001182;0.847096;-0.002301;,
  -0.034703;0.944823;-0.067993;,
  -0.054896;0.945176;-0.067264;,
  -0.053193;0.930126;-0.092988;,
  -0.008175;0.877816;-0.108674;,
  -0.017538;0.905489;-0.103253;,
  -0.024729;0.872479;-0.114171;,
  0.020482;0.845765;-0.043534;,
  0.014069;0.830452;-0.068219;,
  0.017428;0.829023;-0.036374;,
  0.014684;0.881938;-0.030055;,
  0.012241;0.889194;-0.053367;,
  0.003474;0.924049;-0.063010;,
  -0.005373;0.916875;-0.088512;,
  0.008147;0.880982;-0.079022;,
  0.000229;0.894992;0.005684;,
  0.011873;0.886951;-0.014265;,
  -0.037781;0.889028;0.018927;,
  -0.048404;0.933674;0.000940;,
  -0.016262;0.937479;-0.010906;,
  0.013502;0.859182;-0.075614;,
  -0.000282;0.848501;-0.097368;,
  0.006528;0.817549;-0.080388;,
  -0.002796;0.789283;-0.088575;,
  -0.021407;0.780741;-0.096398;,
  -0.020260;0.781210;-0.075293;,
  -0.025771;0.924368;-0.096316;,
  -0.013274;0.938992;-0.067639;,
  -0.001543;0.935860;-0.030239;,
  -0.018771;0.948872;-0.040025;,
  -0.053784;0.950202;-0.030220;,
  -0.036559;0.951358;-0.033286;,
  -0.029943;0.850348;0.011402;,
  -0.001543;0.935860;-0.030239;,
  -0.018771;0.948872;-0.040025;,
  0.018684;0.876663;-0.042918;,
  0.024246;0.849248;-0.044706;,
  0.025555;0.879183;-0.030085;,
  0.018149;0.896029;-0.040040;,
  0.025555;0.879183;-0.030085;,
  0.024246;0.849248;-0.044706;,
  0.018149;0.896029;-0.040040;,
  0.012241;0.889194;-0.053367;,
  0.017700;0.864978;-0.057508;,
  0.020482;0.845765;-0.043534;,
  -0.005330;0.870052;-0.099706;,
  0.017700;0.864978;-0.057508;,
  0.012022;0.779194;-0.046022;,
  0.013377;0.810113;-0.033625;,
  0.031893;0.757935;-0.067635;,
  0.010298;0.836903;-0.022189;,
  -0.031757;0.750903;-0.029416;,
  -0.032871;0.727042;-0.027063;,
  -0.018328;0.552361;-0.025365;,
  0.049439;0.473640;0.079990;,
  0.047485;0.440547;0.071176;,
  0.042420;0.422638;0.061703;,
  -0.026254;0.779318;-0.054568;,
  0.014605;0.436598;0.011294;,
  -0.036559;0.951358;-0.033286;,
  -0.053784;0.950202;-0.030220;,
  -0.009131;0.819484;-0.097034;,
  -0.021597;0.839239;-0.105760;,
  -0.019354;0.829874;-0.105060;,
  -0.051600;0.919584;-0.104227;,
  -0.047393;0.896948;-0.115058;,
  -0.024526;0.864376;-0.103984;,
  0.058223;0.598417;0.065162;,
  0.031893;0.757935;-0.067635;,
  0.115748;0.001222;-0.200737;,
  -0.008296;0.812988;-0.096120;,
  -0.015592;0.808657;-0.102390;,
  -0.016672;0.813675;-0.099264;,
  -0.033955;0.833014;-0.119336;,
  -0.031794;0.825716;-0.109199;,
  -0.017931;0.816931;-0.104411;,
  -0.028149;0.811473;-0.099133;,
  -0.026913;0.804284;-0.104270;,
  -0.041283;0.867142;-0.119669;,
  -0.039134;0.858423;-0.114897;,
  0.089912;0.720465;-0.055114;,
  -0.029231;0.814227;-0.107471;,
  0.061540;0.706736;-0.051606;,
  0.052648;0.700450;-0.063613;,
  0.029878;0.700928;-0.082386;,
  0.011873;0.886951;-0.014265;,
  0.081621;0.221362;-0.108613;,
  0.015504;0.221809;-0.095474;,
  0.030057;0.145286;-0.099031;,
  0.089357;0.147674;-0.109691;,
  0.069087;0.282364;-0.127477;,
  0.015133;0.280326;-0.103511;,
  0.063712;0.374244;-0.097798;,
  0.003075;0.370073;-0.077023;,
  0.049401;0.467026;-0.066383;,
  -0.002341;0.457056;-0.060403;,
  0.025361;0.502232;-0.043629;,
  0.033675;0.072784;-0.104181;,
  0.102296;0.068351;-0.110342;,
  0.079392;0.137908;-0.010691;,
  0.090369;0.068654;-0.014132;,
  0.047739;0.062795;0.069438;,
  0.040335;0.134932;0.058923;,
  0.028642;0.200155;0.042531;,
  0.065115;0.209706;-0.012678;,
  0.025343;0.259769;0.038208;,
  0.061393;0.257243;-0.012947;,
  0.047431;0.337970;0.019107;,
  0.032177;0.340991;0.050515;,
  0.047244;0.413017;0.067749;,
  0.061540;0.706736;-0.051606;,
  -0.073292;0.751119;0.017126;,
  -0.080324;0.731679;0.029601;,
  -0.047950;0.736747;0.002672;,
  -0.037425;0.768861;0.000609;,
  -0.076599;0.715749;0.047461;,
  -0.067112;0.685065;0.067648;,
  -0.066039;0.674009;0.021489;,
  -0.060630;0.702886;0.006038;,
  -0.013860;0.798882;0.018781;,
  0.002168;0.790201;0.055339;,
  -0.025277;0.787373;0.076381;,
  -0.047565;0.786026;0.045793;,
  -0.043492;0.526768;0.093310;,
  -0.034502;0.540014;0.090433;,
  0.005483;0.536470;0.090514;,
  0.004391;0.521317;0.093305;,
  -0.059799;0.549367;0.041639;,
  -0.064257;0.518310;0.056339;,
  -0.052830;0.551209;0.000914;,
  -0.066163;0.501526;0.019546;,
  -0.046165;0.495885;-0.003938;,
  0.041442;0.537159;0.067467;,
  0.040857;0.520406;0.072001;,
  0.029138;0.653684;0.102916;,
  0.027542;0.702580;0.102069;,
  0.068043;0.697911;0.062043;,
  0.066965;0.653140;0.067086;,
  -0.067673;0.454125;-0.001664;,
  -0.079436;0.450649;0.047572;,
  -0.114580;0.358153;0.039423;,
  -0.095975;0.358838;-0.004268;,
  -0.120384;0.264535;0.040665;,
  -0.118484;0.261137;-0.011388;,
  -0.017313;0.443455;-0.006606;,
  -0.043382;0.346816;-0.006869;,
  -0.011961;0.335304;0.061334;,
  0.023804;0.412301;0.062859;,
  -0.074405;0.254694;0.008829;,
  -0.055077;0.258227;0.045356;,
  -0.083123;0.348650;0.095239;,
  -0.048660;0.422008;0.093070;,
  -0.089271;0.267053;0.065783;,
  -0.098284;-0.001503;0.121539;,
  -0.065686;-0.001525;0.153193;,
  -0.038773;-0.001071;0.131045;,
  -0.065808;-0.000926;0.090394;,
  -0.107464;0.205125;0.026527;,
  -0.118402;0.216777;0.066019;,
  -0.112865;0.146299;0.090190;,
  -0.103751;0.135529;0.051699;,
  -0.101505;0.069994;0.115419;,
  -0.101694;0.063520;0.081378;,
  -0.059489;0.188040;0.029840;,
  -0.065297;0.135553;0.057165;,
  -0.040621;0.154827;0.086384;,
  -0.032081;0.217597;0.068336;,
  -0.074337;0.060338;0.090875;,
  -0.061524;0.081166;0.113226;,
  -0.093014;0.163008;0.118693;,
  -0.092528;0.235991;0.103511;,
  -0.081441;0.088343;0.125663;,
  -0.067441;0.488608;0.058469;,
  -0.017313;0.443455;-0.006606;,
  0.012951;0.472941;0.100997;,
  -0.042411;0.474331;0.104873;,
  0.008235;0.430019;0.090885;,
  -0.042797;0.431069;0.095138;,
  0.023217;0.599376;0.096898;,
  -0.004920;0.651635;0.114970;,
  -0.025264;0.655312;0.112095;,
  -0.017009;0.600206;0.101840;,
  -0.046557;0.602814;0.062046;,
  -0.059921;0.653522;0.072692;,
  -0.050556;0.598952;0.025988;,
  -0.062621;0.647022;0.024656;,
  -0.112668;0.751893;0.015615;,
  -0.149215;0.718061;0.006416;,
  -0.066025;0.726366;0.023888;,
  -0.178708;0.676923;0.015526;,
  -0.140516;0.647347;0.019251;,
  -0.102915;0.680044;0.007439;,
  -0.081910;0.706712;0.079325;,
  -0.102915;0.680044;0.007439;,
  -0.114158;0.667885;0.071402;,
  -0.140516;0.647347;0.019251;,
  -0.155766;0.623395;0.036691;,
  -0.089198;0.711230;0.086733;,
  -0.160379;0.706182;0.070531;,
  -0.123843;0.738768;0.079266;,
  -0.193931;0.652716;0.032716;,
  -0.122952;0.751855;0.043729;,
  -0.166901;0.699305;0.019584;,
  -0.132773;0.715787;-0.026600;,
  -0.101656;0.696335;-0.025673;,
  -0.119453;0.667299;0.024549;,
  -0.107387;0.728114;-0.068272;,
  -0.088666;0.717281;-0.064138;,
  -0.119453;0.667299;0.024549;,
  -0.101656;0.696335;-0.025673;,
  -0.133232;0.659046;-0.055447;,
  -0.147596;0.619999;-0.005134;,
  -0.088666;0.717281;-0.064138;,
  -0.104742;0.688349;-0.079169;,
  -0.157056;0.674093;-0.055723;,
  -0.194646;0.652007;-0.009976;,
  -0.122044;0.700249;-0.087897;,
  -0.049981;0.735457;-0.168882;,
  -0.062895;0.690845;-0.158016;,
  -0.072301;0.692591;-0.138532;,
  -0.059499;0.737772;-0.149187;,
  -0.082423;0.766326;-0.142962;,
  -0.093187;0.769022;-0.146562;,
  -0.089062;0.758428;-0.156154;,
  -0.079096;0.760859;-0.152175;,
  -0.074374;0.691623;-0.100131;,
  -0.078334;0.741174;-0.101167;,
  -0.093392;0.738956;-0.132428;,
  -0.080018;0.688099;-0.136896;,
  -0.096976;0.686089;-0.147214;,
  -0.111688;0.686839;-0.104162;,
  -0.116934;0.738553;-0.104473;,
  -0.110248;0.734916;-0.142227;,
  -0.075394;0.790515;0.057186;,
  -0.095414;0.783936;0.036030;,
  -0.061592;0.776444;0.023997;,
  -0.047565;0.786026;0.045793;,
  -0.009630;0.704938;0.118695;,
  -0.038338;0.785676;0.011890;,
  -0.100568;0.761539;0.022861;,
  -0.093057;0.742910;0.030684;,
  -0.080324;0.731679;0.029601;,
  -0.073292;0.751119;0.017126;,
  -0.027883;0.749675;0.105137;,
  -0.033880;0.752700;0.103372;,
  0.017402;0.745507;0.087074;,
  0.057458;0.736462;0.045939;,
  0.028324;0.780334;0.017073;,
  -0.025277;0.787373;0.076381;,
  -0.033880;0.752700;0.103372;,
  -0.058552;0.717915;0.064810;,
  -0.066025;0.726366;0.023888;,
  -0.042125;0.742826;0.098764;,
  -0.054985;0.684782;0.075748;,
  -0.034362;0.695448;0.101371;,
  -0.076599;0.715749;0.047461;,
  -0.026438;0.701776;0.114565;,
  -0.078334;0.741174;-0.101167;,
  -0.051802;0.804932;-0.013788;,
  -0.038418;0.814157;0.001870;,
  -0.012617;0.820735;0.001325;,
  0.007881;0.799749;-0.000957;,
  -0.110248;0.734916;-0.142227;,
  -0.049981;0.735457;-0.168882;,
  -0.062895;0.690845;-0.158016;,
  -0.106424;0.759215;-0.135373;,
  -0.083175;0.760182;-0.123991;,
  -0.083175;0.760182;-0.123991;,
  -0.081511;0.749058;-0.137786;,
  -0.103079;0.738948;-0.143979;,
  -0.103079;0.738948;-0.143979;,
  -0.093187;0.769022;-0.146562;,
  -0.082423;0.766326;-0.142962;,
  -0.089062;0.758428;-0.156154;,
  -0.152562;0.020039;0.066750;,
  -0.161255;-0.001657;0.064602;,
  -0.157835;-0.001224;0.012855;,
  -0.152363;0.017374;0.017700;,
  -0.043046;0.032377;0.120736;,
  -0.066625;0.024044;0.087758;,
  -0.065808;-0.000926;0.090394;,
  -0.038773;-0.001071;0.131045;,
  -0.061524;0.081166;0.113226;,
  -0.075286;0.034884;0.146990;,
  -0.081441;0.088343;0.125663;,
  -0.098284;-0.001503;0.121539;,
  -0.101096;0.033425;0.120641;,
  -0.065686;-0.001525;0.153193;,
  -0.101694;0.063520;0.081378;,
  -0.101505;0.069994;0.115419;,
  -0.124537;0.014687;0.008066;,
  -0.124324;-0.000775;-0.001530;,
  -0.124324;-0.000775;-0.001530;,
  -0.161255;-0.001657;0.064602;,
  -0.043382;0.346816;-0.006869;,
  -0.074405;0.254694;0.008829;,
  -0.059489;0.188040;0.029840;,
  -0.065297;0.135553;0.057165;,
  -0.074337;0.060338;0.090875;,
  -0.074337;0.060338;0.090875;,
  -0.068953;0.798093;-0.038787;,
  -0.048159;0.796803;-0.030454;,
  -0.050281;0.789870;-0.056334;,
  -0.060469;0.794236;-0.058118;,
  -0.064696;0.820845;-0.017757;,
  -0.058357;0.834347;0.001216;,
  -0.073129;0.936595;-0.065723;,
  -0.054896;0.945176;-0.067264;,
  -0.074395;0.863637;-0.104762;,
  -0.057838;0.865390;-0.112216;,
  -0.076596;0.892842;-0.099764;,
  -0.070662;0.812308;-0.063214;,
  -0.079942;0.824261;-0.037600;,
  -0.069536;0.810401;-0.031235;,
  -0.087935;0.859964;-0.023991;,
  -0.091307;0.867021;-0.047248;,
  -0.087136;0.860579;-0.073393;,
  -0.090604;0.898624;-0.083477;,
  -0.098676;0.902175;-0.056975;,
  -0.085656;0.866067;-0.008502;,
  -0.076142;0.878638;0.010195;,
  -0.037781;0.889028;0.018927;,
  -0.080410;0.923742;-0.007117;,
  -0.048404;0.933674;0.000940;,
  -0.082707;0.838581;-0.069931;,
  -0.059934;0.803317;-0.076462;,
  -0.068308;0.833935;-0.093349;,
  -0.040872;0.781130;-0.086326;,
  -0.076061;0.913599;-0.093345;,
  -0.090123;0.922536;-0.063099;,
  -0.086065;0.934462;-0.036047;,
  -0.095261;0.915793;-0.024701;,
  -0.070207;0.944153;-0.031296;,
  -0.053784;0.950202;-0.030220;,
  -0.029943;0.850348;0.011402;,
  -0.095261;0.915793;-0.024701;,
  -0.086065;0.934462;-0.036047;,
  -0.096496;0.853047;-0.022873;,
  -0.084811;0.825895;-0.038262;,
  -0.090854;0.853207;-0.036445;,
  -0.097770;0.871207;-0.033190;,
  -0.084811;0.825895;-0.038262;,
  -0.096496;0.853047;-0.022873;,
  -0.097770;0.871207;-0.033190;,
  -0.091307;0.867021;-0.047248;,
  -0.086836;0.842594;-0.051331;,
  -0.079942;0.824261;-0.037600;,
  -0.072794;0.855606;-0.095721;,
  -0.086836;0.842594;-0.051331;,
  -0.051802;0.804932;-0.013788;,
  -0.038338;0.785676;0.011890;,
  -0.061592;0.776444;0.023997;,
  -0.064696;0.820845;-0.017757;,
  0.049439;0.473640;0.079990;,
  0.047485;0.440547;0.071176;,
  0.042420;0.422638;0.061703;,
  0.014605;0.436598;0.011294;,
  -0.070207;0.944153;-0.031296;,
  -0.053784;0.950202;-0.030220;,
  -0.048412;0.811072;-0.094714;,
  -0.044294;0.824533;-0.103587;,
  -0.046163;0.833978;-0.104309;,
  -0.053568;0.858157;-0.102269;,
  0.058223;0.598417;0.065162;,
  -0.061592;0.776444;0.023997;,
  -0.157835;-0.001224;0.012855;,
  -0.038742;0.803699;-0.101022;,
  -0.046414;0.804826;-0.093868;,
  -0.039460;0.808795;-0.097918;,
  -0.040228;0.812157;-0.103094;,
  -0.042125;0.742826;0.098764;,
  -0.043481;0.724050;0.072705;,
  -0.058552;0.717915;0.064810;,
  -0.076599;0.715749;0.047461;,
  -0.085656;0.866067;-0.008502;,
  -0.065026;0.208778;-0.029105;,
  -0.070435;0.134546;-0.011026;,
  -0.025311;0.140757;-0.063437;,
  -0.025351;0.218159;-0.064008;,
  -0.073025;0.267786;-0.039550;,
  -0.029355;0.274885;-0.067305;,
  -0.046887;0.359597;-0.036605;,
  -0.022499;0.363785;-0.055193;,
  -0.031027;0.447442;-0.035754;,
  -0.018229;0.449240;-0.048072;,
  -0.016328;0.493464;-0.035356;,
  -0.046165;0.495885;-0.003938;,
  -0.072809;0.063559;-0.000821;,
  -0.026998;0.074783;-0.066384;,
  -0.018173;0.079855;0.126205;,
  -0.081429;0.088342;0.125657;,
  -0.093014;0.163008;0.118693;,
  -0.023049;0.151565;0.103734;,
  -0.092528;0.235991;0.103511;,
  -0.030788;0.218923;0.085577;,
  -0.031413;0.258637;0.070000;,
  -0.089271;0.267053;0.065783;,
  -0.083123;0.348650;0.095239;,
  -0.002376;0.332037;0.075610;,
  0.047485;0.440547;0.071176;,
  0.008235;0.430019;0.090885;,
  -0.043481;0.724050;0.072705;,
  -0.067673;0.454125;-0.001664;,
  -0.095975;0.358838;-0.004268;,
  -0.118484;0.261137;-0.011388;,
  -0.107464;0.205125;0.026527;,
  -0.103751;0.135529;0.051699;,
  -0.101694;0.063520;0.081378;,
  0.105226;0.428281;0.008369;,
  0.121266;0.352709;-0.017833;,
  0.076545;0.435072;0.048504;,
  0.101627;0.271448;-0.050705;,
  0.127410;0.227239;-0.038106;,
  0.130882;0.153683;-0.049707;,
  0.117308;0.082428;-0.059905;,
  -0.048660;0.422008;0.093070;;
  916;
  3;0,2,1;,
  3;2,0,3;,
  3;4,6,5;,
  3;6,4,7;,
  3;8,10,9;,
  3;10,8,11;,
  3;12,14,13;,
  3;14,12,15;,
  3;16,12,17;,
  3;12,16,15;,
  3;18,20,19;,
  3;20,18,16;,
  3;5,22,21;,
  3;22,5,6;,
  3;13,24,23;,
  3;24,13,14;,
  3;25,27,26;,
  3;27,25,28;,
  3;29,31,30;,
  3;31,29,32;,
  3;31,33,30;,
  3;33,31,34;,
  3;35,37,36;,
  3;37,35,38;,
  3;38,39,37;,
  3;39,38,40;,
  3;36,42,41;,
  3;42,36,37;,
  3;37,43,42;,
  3;43,37,39;,
  3;41,31,32;,
  3;31,41,42;,
  3;42,34,31;,
  3;34,42,43;,
  3;44,46,45;,
  3;46,44,47;,
  3;48,50,49;,
  3;50,48,51;,
  3;49,53,52;,
  3;53,49,50;,
  3;54,56,55;,
  3;56,54,57;,
  3;57,58,56;,
  3;58,57,59;,
  3;55,61,60;,
  3;61,55,56;,
  3;56,62,61;,
  3;62,56,58;,
  3;60,50,51;,
  3;50,60,61;,
  3;61,53,50;,
  3;53,61,62;,
  3;32,20,63;,
  3;20,32,29;,
  3;64,66,65;,
  3;66,64,19;,
  3;13,67,12;,
  3;67,13,68;,
  3;68,69,67;,
  3;69,68,70;,
  3;70,41,69;,
  3;41,70,36;,
  3;48,34,51;,
  3;34,48,33;,
  3;51,43,60;,
  3;43,51,34;,
  3;43,55,60;,
  3;55,43,39;,
  3;39,54,55;,
  3;54,39,40;,
  3;12,63,17;,
  3;63,12,67;,
  3;67,32,63;,
  3;32,67,69;,
  3;69,41,32;,
  3;71,72,25;,
  3;73,75,74;,
  3;75,73,76;,
  3;75,77,74;,
  3;77,75,78;,
  3;79,78,80;,
  3;78,79,77;,
  3;81,83,82;,
  3;83,85,84;,
  3;85,83,86;,
  3;87,89,88;,
  3;89,90,88;,
  3;90,89,91;,
  3;92,94,93;,
  3;92,88,94;,
  3;92,87,88;,
  3;88,95,94;,
  3;95,88,90;,
  3;96,94,83;,
  3;94,86,83;,
  3;86,94,95;,
  3;97,99,98;,
  3;99,97,100;,
  3;100,101,99;,
  3;101,100,102;,
  3;103,105,104;,
  3;105,103,106;,
  3;106,107,105;,
  3;107,106,108;,
  3;104,110,109;,
  3;110,104,105;,
  3;105,111,110;,
  3;111,105,107;,
  3;109,100,97;,
  3;100,109,110;,
  3;110,102,100;,
  3;102,110,111;,
  3;112,114,113;,
  3;114,112,115;,
  3;116,118,117;,
  3;118,116,119;,
  3;120,122,121;,
  3;122,120,123;,
  3;120,125,124;,
  3;125,120,121;,
  3;126,125,127;,
  3;125,126,124;,
  3;95,97,86;,
  3;97,95,109;,
  3;86,98,85;,
  3;98,86,97;,
  3;90,103,104;,
  3;103,90,91;,
  3;104,95,90;,
  3;95,104,109;,
  3;128,96,129;,
  3;96,128,93;,
  3;129,130,128;,
  3;130,129,131;,
  3;72,28,25;,
  3;28,72,132;,
  3;9,133,8;,
  3;134,136,135;,
  3;136,134,137;,
  3;81,137,134;,
  3;138,11,139;,
  3;138,10,11;,
  3;138,140,10;,
  3;141,11,142;,
  3;11,141,139;,
  3;128,130,143;,
  3;93,144,92;,
  3;93,143,144;,
  3;93,128,143;,
  3;145,87,146;,
  3;87,145,147;,
  3;74,148,73;,
  3;148,74,149;,
  3;150,147,145;,
  3;7,149,74;,
  3;148,151,73;,
  3;102,152,101;,
  3;152,102,126;,
  3;102,124,126;,
  3;124,102,111;,
  3;111,120,124;,
  3;120,111,107;,
  3;120,108,123;,
  3;108,120,107;,
  3;8,154,153;,
  3;154,8,133;,
  3;153,155,8;,
  3;155,153,156;,
  3;121,113,114;,
  3;113,121,122;,
  3;122,112,113;,
  3;112,122,157;,
  3;158,125,159;,
  3;125,158,127;,
  3;159,121,114;,
  3;121,159,125;,
  3;126,160,152;,
  3;160,126,161;,
  3;162,122,123;,
  3;122,162,163;,
  3;122,164,157;,
  3;164,122,163;,
  3;165,126,127;,
  3;126,165,161;,
  3;161,166,160;,
  3;166,161,167;,
  3;162,117,163;,
  3;117,162,116;,
  3;163,118,164;,
  3;118,163,117;,
  3;165,167,161;,
  3;167,165,168;,
  3;169,171,170;,
  3;171,169,172;,
  3;173,175,174;,
  3;175,173,176;,
  3;177,179,178;,
  3;179,177,173;,
  3;180,179,181;,
  3;179,180,182;,
  3;183,169,170;,
  3;169,183,184;,
  3;175,186,185;,
  3;186,175,176;,
  3;45,187,44;,
  3;187,45,188;,
  3;180,169,182;,
  3;169,180,172;,
  3;19,29,66;,
  3;20,29,19;,
  3;29,30,189;,
  3;30,190,189;,
  3;190,30,33;,
  3;33,191,190;,
  3;191,33,48;,
  3;191,49,192;,
  3;49,191,48;,
  3;192,52,193;,
  3;52,192,49;,
  3;194,170,186;,
  3;170,194,183;,
  3;170,185,186;,
  3;185,170,171;,
  3;186,176,194;,
  3;194,173,177;,
  3;173,194,176;,
  3;179,174,181;,
  3;174,179,173;,
  3;178,182,184;,
  3;182,178,179;,
  3;182,169,184;,
  3;16,17,20;,
  3;17,63,20;,
  3;66,195,65;,
  3;196,198,197;,
  3;198,196,199;,
  3;200,153,154;,
  3;153,200,201;,
  3;202,204,203;,
  3;205,207,206;,
  3;196,209,208;,
  3;209,196,197;,
  3;210,208,211;,
  3;208,210,196;,
  3;212,214,213;,
  3;214,212,215;,
  3;212,213,211;,
  3;201,217,216;,
  3;217,201,200;,
  3;218,220,219;,
  3;220,218,216;,
  3;210,199,196;,
  3;214,205,206;,
  3;221,223,222;,
  3;197,198,224;,
  3;224,226,225;,
  3;226,224,198;,
  3;227,214,206;,
  3;228,229,213;,
  3;229,228,230;,
  3;219,232,231;,
  3;214,228,213;,
  3;156,201,233;,
  3;201,156,153;,
  3;233,216,218;,
  3;216,233,201;,
  3;220,216,234;,
  3;235,220,234;,
  3;236,238,237;,
  3;238,236,239;,
  3;208,240,211;,
  3;240,208,241;,
  3;211,242,212;,
  3;242,211,240;,
  3;243,236,244;,
  3;236,243,239;,
  3;244,237,245;,
  3;237,244,236;,
  3;246,221,222;,
  3;221,246,215;,
  3;221,212,247;,
  3;212,221,215;,
  3;199,248,1;,
  3;248,199,249;,
  3;133,9,250;,
  3;249,210,251;,
  3;210,249,199;,
  3;210,211,251;,
  3;252,2,253;,
  3;2,252,1;,
  3;19,254,18;,
  3;254,19,64;,
  3;23,68,13;,
  3;68,23,255;,
  3;68,256,70;,
  3;256,68,255;,
  3;256,36,70;,
  3;36,256,257;,
  3;258,1,252;,
  3;1,258,199;,
  3;257,259,36;,
  3;36,259,35;,
  3;260,203,261;,
  3;203,260,202;,
  3;262,263,222;,
  3;263,262,264;,
  3;198,258,226;,
  3;258,198,199;,
  3;265,204,227;,
  3;265,206,266;,
  3;206,265,227;,
  3;222,267,246;,
  3;267,222,263;,
  3;89,87,147;,
  3;82,83,84;,
  3;78,16,18;,
  3;16,78,75;,
  3;75,15,16;,
  3;15,75,76;,
  3;15,71,14;,
  3;71,15,76;,
  3;14,268,24;,
  3;268,14,71;,
  3;248,269,1;,
  3;1,269,0;,
  3;135,129,134;,
  3;129,135,131;,
  3;134,96,81;,
  3;96,134,129;,
  3;96,83,81;,
  3;94,96,93;,
  3;29,189,66;,
  3;205,215,246;,
  3;267,205,246;,
  3;205,267,207;,
  3;205,214,215;,
  3;187,188,270;,
  3;224,272,271;,
  3;223,221,209;,
  3;224,223,197;,
  3;271,273,262;,
  3;273,271,272;,
  3;263,275,274;,
  3;273,276,262;,
  3;277,272,278;,
  3;272,277,273;,
  3;223,271,262;,
  3;271,223,224;,
  3;223,209,197;,
  3;208,221,247;,
  3;221,208,209;,
  3;222,223,262;,
  3;266,207,279;,
  3;207,266,206;,
  3;207,280,279;,
  3;280,207,267;,
  3;280,263,274;,
  3;263,280,267;,
  3;264,262,276;,
  3;76,73,72;,
  3;138,281,140;,
  3;73,132,72;,
  3;132,73,151;,
  3;72,71,76;,
  3;272,225,278;,
  3;155,11,8;,
  3;276,277,282;,
  3;277,276,273;,
  3;275,276,282;,
  3;276,275,264;,
  3;28,141,27;,
  3;141,28,139;,
  3;139,132,138;,
  3;132,139,28;,
  3;132,281,138;,
  3;281,132,151;,
  3;281,148,283;,
  3;148,281,151;,
  3;283,149,284;,
  3;149,283,148;,
  3;7,284,149;,
  3;284,7,4;,
  3;6,79,22;,
  3;79,6,77;,
  3;77,7,74;,
  3;7,77,6;,
  3;5,3,4;,
  3;3,5,2;,
  3;285,137,82;,
  3;137,285,136;,
  3;137,81,82;,
  3;92,146,87;,
  3;146,92,144;,
  3;2,21,253;,
  3;21,2,5;,
  3;286,213,229;,
  3;251,211,286;,
  3;213,286,211;,
  3;234,216,217;,
  3;227,202,228;,
  3;202,230,228;,
  3;230,202,260;,
  3;232,220,235;,
  3;228,214,227;,
  3;26,71,25;,
  3;71,26,268;,
  3;155,142,11;,
  3;18,80,78;,
  3;80,18,254;,
  3;272,224,225;,
  3;275,263,264;,
  3;202,227,204;,
  3;232,219,220;,
  3;287,289,288;,
  3;289,287,290;,
  3;291,288,292;,
  3;288,291,287;,
  3;293,292,294;,
  3;292,293,291;,
  3;295,294,296;,
  3;294,295,293;,
  3;296,297,295;,
  3;298,290,299;,
  3;290,298,289;,
  3;300,302,301;,
  3;302,300,303;,
  3;304,300,305;,
  3;300,304,303;,
  3;306,305,307;,
  3;305,306,304;,
  3;308,306,307;,
  3;306,308,309;,
  3;308,310,309;,
  3;145,146,311;,
  3;312,314,313;,
  3;314,312,315;,
  3;316,318,317;,
  3;318,316,319;,
  3;320,322,321;,
  3;322,320,323;,
  3;324,326,325;,
  3;326,324,327;,
  3;328,324,325;,
  3;324,328,329;,
  3;330,331,328;,
  3;331,330,332;,
  3;319,22,318;,
  3;22,319,21;,
  3;327,333,326;,
  3;333,327,334;,
  3;335,337,336;,
  3;337,335,338;,
  3;339,341,340;,
  3;341,339,342;,
  3;341,344,343;,
  3;344,341,342;,
  3;345,347,346;,
  3;347,345,348;,
  3;346,350,349;,
  3;350,346,347;,
  3;348,351,347;,
  3;351,348,352;,
  3;347,353,350;,
  3;353,347,351;,
  3;352,341,351;,
  3;341,352,340;,
  3;351,343,353;,
  3;343,351,341;,
  3;354,356,355;,
