xof 0303txt 0032
template XSkinMeshHeader {
 <3cf169ce-ff7c-44ab-93c0-f78f62d172e2>
 WORD nMaxSkinWeightsPerVertex;
 WORD nMaxSkinWeightsPerFace;
 WORD nBones;
}

template VertexDuplicationIndices {
 <b8d65549-d7c9-4995-89cf-53a9a8b031e3>
 DWORD nIndices;
 DWORD nOriginalVertices;
 array DWORD indices[nIndices];
}

template SkinWeights {
 <6f0d123b-bad2-4167-a0d0-80224f25fabb>
 STRING transformNodeName;
 DWORD nWeights;
 array DWORD vertexIndices[nWeights];
 array FLOAT weights[nWeights];
 Matrix4x4 matrixOffset;
}

template AnimTicksPerSecond {
 <9e415a43-7ba6-4a73-8743-b73d47e88476>
 DWORD AnimTicksPerSecond;
}


AnimTicksPerSecond {
 4800;
}

Frame Dummy01 {
 

 FrameTransformMatrix {
  1.000000,0.000000,0.000000,0.000000,0.000000,-0.000000,-1.000000,0.000000,0.000000,1.000000,-0.000000,0.000000,0.000000,0.000000,0.000000,1.000000;;
 }

 Frame Bip01 {
  

  FrameTransformMatrix {
   -0.489720,0.856107,0.165090,0.000000,0.089573,-0.138946,0.986241,0.000000,0.867266,0.497770,-0.008639,0.000000,0.009533,-0.010862,0.491068,1.000000;;
  }

  Frame Bip01_Pelvis {
   

   FrameTransformMatrix {
    -0.000000,0.996194,-0.087157,0.000000,-0.000001,0.087157,0.996194,0.000000,1.000000,0.000000,0.000001,0.000000,0.000000,0.000000,0.000000,1.000000;;
   }

   Frame Bip01_Spine {
    

    FrameTransformMatrix {
     0.989594,0.075840,0.122277,0.000000,-0.105082,0.961449,0.254114,0.000000,-0.098291,-0.264318,0.959414,0.000000,0.051445,0.004523,-0.000081,1.000000;;
    }

    Frame Bip01_Spine1 {
     

     FrameTransformMatrix {
      0.926006,0.059711,0.372757,0.000000,-0.104525,0.989362,0.101179,0.000000,-0.362750,-0.132655,0.922397,0.000000,0.106511,0.000011,-0.000078,1.000000;;
     }

     Frame Bip01_Neck {
      

      FrameTransformMatrix {
       0.982331,0.166166,0.086111,0.000000,-0.122872,0.919672,-0.372970,0.000000,-0.141169,0.355799,0.923839,0.000000,0.130508,-0.000010,0.004627,1.000000;;
      }

      Frame Bip01_Head {
       

       FrameTransformMatrix {
        0.962886,-0.175553,-0.205017,0.000000,0.057040,0.874774,-0.481162,0.000000,0.263813,0.451610,0.852321,0.000000,0.033674,-0.000000,-0.000000,1.000000;;
       }

       Frame Bip01_HeadNub {
        

        FrameTransformMatrix {
         1.000000,0.000000,0.000000,0.000000,-0.000000,1.000000,0.000000,0.000000,0.000000,0.000000,1.000000,0.000000,0.169824,0.000000,0.000000,1.000000;;
        }
       }
      }

      Frame Bip01_L_Clavicle {
       

       FrameTransformMatrix {
        -0.052191,0.932486,0.357417,0.000000,0.994514,0.081024,-0.066167,0.000000,-0.090659,0.352003,-0.931598,0.000000,-0.021389,0.019139,0.004712,1.000000;;
       }

       Frame Bip01_L_UpperArm {
        

        FrameTransformMatrix {
         0.654344,0.006866,-0.756166,0.000000,0.587313,0.625272,0.513906,0.000000,0.476337,-0.780377,0.405110,0.000000,0.087086,0.000000,0.000000,1.000000;;
        }

        Frame Bip01_L_Forearm {
         

         FrameTransformMatrix {
          0.485234,-0.000000,-0.874384,0.000000,-0.000000,1.000000,-0.000000,0.000000,0.874384,-0.000000,0.485234,0.000000,0.137062,0.000000,0.000000,1.000000;;
         }

         Frame Bip01_L_Hand {
          

          FrameTransformMatrix {
           0.897140,-0.233846,0.374774,0.000000,-0.177573,-0.967737,-0.178757,0.000000,0.404484,0.093820,-0.909720,0.000000,0.137062,-0.000000,0.000000,1.000000;;
          }

          Frame Bip01_L_Finger0 {
           

           FrameTransformMatrix {
            0.191229,-0.953701,0.232135,0.000000,0.953255,0.236821,0.187675,0.000000,-0.233961,0.185395,0.954407,0.000000,0.057681,-0.023605,-0.000272,1.000000;;
           }

           Frame Bip01_L_Finger0Nub {
            

            FrameTransformMatrix {
             1.000000,-0.000000,0.000000,0.000000,-0.000000,1.000000,0.000000,0.000000,-0.000000,0.000000,1.000000,0.000000,0.029435,0.000000,0.000000,1.000000;;
            }
           }
          }

          Frame Bip01_L_Finger1 {
           

           FrameTransformMatrix {
            0.270270,-0.226732,0.935706,0.000000,-0.220296,0.931529,0.289350,0.000000,-0.937242,-0.284335,0.201817,0.000000,0.084102,0.000000,0.000000,1.000000;;
           }

           Frame Bip01_L_Finger1Nub {
            

            FrameTransformMatrix {
             1.000000,0.000000,0.000000,0.000000,0.000000,1.000000,0.000000,0.000000,-0.000000,-0.000000,1.000000,0.000000,0.047988,0.000000,-0.000000,1.000000;;
            }
           }
          }
         }
        }
       }
      }

      Frame Bip01_R_Clavicle {
       

       FrameTransformMatrix {
        -0.069698,-0.993191,-0.093347,0.000000,-0.989090,0.056628,0.135996,0.000000,-0.129783,0.101808,-0.986302,0.000000,-0.026612,-0.009765,-0.006471,1.000000;;
       }

       Frame Bip01_R_UpperArm {
        

        FrameTransformMatrix {
         0.340794,0.554512,-0.759194,0.000000,-0.599327,0.750313,0.278994,0.000000,0.724339,0.359926,0.588036,0.000000,0.087086,0.000000,0.000000,1.000000;;
        }

        Frame Bip01_R_Forearm {
         

         FrameTransformMatrix {
          -0.479635,-0.000000,-0.877469,0.000000,0.000000,1.000000,0.000000,0.000000,0.877469,0.000000,-0.479635,0.000000,0.137062,0.000000,0.000000,1.000000;;
         }

         Frame Bip01_R_Hand {
          

          FrameTransformMatrix {
           0.812144,-0.032183,0.582569,0.000000,0.427773,-0.646167,-0.632043,0.000000,0.396778,0.762517,-0.511013,0.000000,0.137062,-0.000000,-0.000000,1.000000;;
          }

          Frame Bip01_R_Finger0 {
           

           FrameTransformMatrix {
            0.588859,0.721892,0.363479,0.000000,-0.753496,0.653020,-0.076224,0.000000,-0.292385,-0.228995,0.928479,0.000000,0.057681,0.023605,-0.000272,1.000000;;
           }

           Frame Bip01_R_Finger0Nub {
            

            FrameTransformMatrix {
             -1.000000,0.000000,-0.000000,0.000000,0.000000,1.000000,-0.000000,0.000000,-0.000000,0.000000,-1.000000,0.000000,0.029435,0.000000,0.000000,1.000000;;
            }
           }
          }

          Frame Bip01_R_Finger1 {
           

           FrameTransformMatrix {
            0.201209,0.000780,0.979548,0.000000,0.000000,1.000000,-0.000796,0.000000,-0.979548,0.000160,0.201209,0.000000,0.084102,-0.000000,0.000000,1.000000;;
           }

           Frame Bip01_R_Finger1Nub {
            

            FrameTransformMatrix {
             -1.000000,0.000000,0.000000,0.000000,-0.000000,1.000000,0.000000,0.000000,-0.000000,-0.000000,-1.000000,0.000000,0.047988,0.000000,0.000000,1.000000;;
            }
           }
          }
         }
        }
       }
      }
     }

     Frame Bip01_BackPack {
      

      FrameTransformMatrix {
       0.015425,-0.000056,-0.999881,0.000000,0.067767,0.997701,0.000989,0.000000,0.997582,-0.067774,0.015393,0.000000,0.063696,0.000003,-0.088849,1.000000;;
      }

      Frame Bip01_BackPackNub {
       

       FrameTransformMatrix {
        0.000796,0.000003,1.000000,0.000000,-0.000000,-1.000000,0.000003,0.000000,1.000000,0.000000,-0.000796,0.000000,0.053240,-0.000000,0.000000,1.000000;;
       }
      }
     }
    }

    Frame Bip01_L_Thigh {
     

     FrameTransformMatrix {
      -0.958175,0.261552,0.116155,0.000000,-0.157572,-0.820972,0.548795,0.000000,0.238898,0.507539,0.827848,0.000000,-0.047055,0.054175,-0.008267,1.000000;;
     }

     Frame Bip01_L_Calf {
      

      FrameTransformMatrix {
       0.952161,0.000000,-0.305597,0.000000,0.000000,1.000000,0.000000,0.000000,0.305597,0.000000,0.952161,0.000000,0.237500,0.000000,0.000000,1.000000;;
      }

      Frame Bip01_L_Foot {
       

       FrameTransformMatrix {
        0.995439,0.089102,0.034109,0.000000,-0.094936,0.960555,0.261385,0.000000,-0.009474,-0.263431,0.964632,0.000000,0.206841,0.000000,0.000000,1.000000;;
       }

       Frame Bip01_L_Toe0 {
        

        FrameTransformMatrix {
         -0.281148,0.092895,0.955158,0.000000,0.009522,0.995525,-0.094018,0.000000,-0.959617,-0.017338,-0.280774,0.000000,0.065373,0.000000,0.066450,1.000000;;
        }

        Frame Bip01_L_Toe0Nub {
         

         FrameTransformMatrix {
          -1.000000,0.000000,0.000000,0.000000,0.000000,1.000000,-0.000000,0.000000,0.000000,0.000000,-1.000000,0.000000,0.006735,0.000000,0.000000,1.000000;;
         }
        }
       }
      }
     }
    }

    Frame Bip01_R_Thigh {
     

     FrameTransformMatrix {
      -0.973556,-0.149359,0.172858,0.000000,0.187323,-0.955036,0.229820,0.000000,0.130760,0.256123,0.957760,0.000000,-0.055431,-0.052018,0.020927,1.000000;;
     }

     Frame Bip01_R_Calf {
      

      FrameTransformMatrix {
       0.868534,-0.000000,-0.495629,0.000000,0.000000,1.000000,-0.000000,0.000000,0.495629,-0.000000,0.868534,0.000000,0.237500,0.000000,0.000000,1.000000;;
      }

      Frame Bip01_R_Foot {
       

       FrameTransformMatrix {
        0.923645,-0.196319,0.329148,0.000000,0.231865,0.970076,-0.072053,0.000000,-0.305153,0.142869,0.941526,0.000000,0.206841,-0.000000,-0.000000,1.000000;;
       }

       Frame Bip01_R_Toe0 {
        

        FrameTransformMatrix {
         0.793110,-0.384599,0.472293,0.000000,-0.009867,0.767207,0.641323,0.000000,-0.608999,-0.513300,0.604684,0.000000,0.065373,-0.000000,0.066450,1.000000;;
        }

        Frame Bip01_R_Toe0Nub {
         

         FrameTransformMatrix {
          1.000000,-0.000000,0.000000,0.000000,-0.000000,1.000000,0.000000,0.000000,0.000000,-0.000000,1.000000,0.000000,0.006735,0.000000,0.000000,1.000000;;
         }
        }
       }
      }
     }
    }
   }

   Frame Bip01_DressFront {
    

    FrameTransformMatrix {
     -0.995138,-0.084051,-0.051337,0.000000,-0.083943,0.996462,-0.004265,0.000000,0.051514,0.000066,-0.998672,0.000000,-0.044009,0.001399,0.061087,1.000000;;
    }

    Frame Bip01_DressFront02 {
     

     FrameTransformMatrix {
      0.997128,0.000000,0.075731,0.000000,-0.000000,1.000000,0.000000,0.000000,-0.075731,-0.000000,0.997128,0.000000,0.183334,0.000000,-0.000131,1.000000;;
     }

     Frame Bip01_DressFrontNub {
      

      FrameTransformMatrix {
       0.000796,0.000003,1.000000,0.000000,-0.000000,-1.000000,0.000003,0.000000,1.000000,-0.000000,-0.000796,0.000000,0.165302,-0.000000,0.000000,1.000000;;
      }
     }
    }
   }

   Frame Bip01_DressBack {
    

    FrameTransformMatrix {
     -0.993273,-0.085672,0.077908,0.000000,-0.077909,0.992157,0.097752,0.000000,-0.085671,0.091025,-0.992157,0.000000,-0.047720,-0.000013,-0.078280,1.000000;;
    }

    Frame Bip01_DressBack02 {
     

     FrameTransformMatrix {
      0.931719,0.000001,0.363181,0.000000,-0.000001,1.000000,-0.000000,0.000000,-0.363181,-0.000000,0.931719,0.000000,0.176198,-0.000000,-0.000101,1.000000;;
     }

     Frame Bip01_DressBackNub {
      

      FrameTransformMatrix {
       0.000796,0.000003,1.000000,0.000000,0.000000,-1.000000,0.000003,0.000000,1.000000,-0.000000,-0.000796,0.000000,0.136508,-0.000000,-0.000000,1.000000;;
      }
     }
    }
   }
  }

  Frame Bip01_Prop1 {
   

   FrameTransformMatrix {
    -0.489719,0.089573,0.867267,0.000000,0.856108,-0.138946,0.497768,0.000000,0.165090,0.986240,-0.008640,0.000000,0.191032,0.221051,-0.006622,1.000000;;
   }
  }

  Frame Bip01_Prop2 {
   

   FrameTransformMatrix {
    0.633145,-0.667174,0.392436,0.000000,0.714750,0.698533,0.034408,0.000000,-0.297086,0.258709,0.919135,0.000000,0.319772,0.180185,0.106473,1.000000;;
   }
  }
 }
}

Frame Translation_Data {
 

 FrameTransformMatrix {
  -0.000000,0.000000,-1.000000,0.000000,-1.000000,-0.000000,0.000000,0.000000,-0.000000,1.000000,0.000000,0.000000,0.000000,-0.000000,0.000000,1.000000;;
 }
}

Frame Body {
 

 FrameTransformMatrix {
  1.000000,0.000000,0.000000,0.000000,0.000000,1.000000,0.000000,0.000000,0.000000,0.000000,1.000000,0.000000,0.000000,0.000000,0.000000,1.000000;;
 }

 Mesh Body {
  1467;
  0.018666;0.733424;-0.075336;,
  -0.001400;0.764066;-0.041949;,
  -0.005909;0.730931;-0.048596;,
  0.024635;0.712678;-0.079314;,
  0.029877;0.700928;-0.082386;,
  -0.008933;0.695734;-0.057005;,
  0.004104;0.666956;-0.060085;,
  0.050619;0.673226;-0.069269;,
  0.023797;0.793720;-0.024758;,
  0.052533;0.765219;-0.051806;,
  0.077581;0.770630;-0.042345;,
  0.061369;0.782010;-0.016855;,
  0.101831;0.539662;0.012667;,
  0.077665;0.527818;0.052644;,
  0.077568;0.542004;0.045251;,
  0.094114;0.549888;0.009673;,
  0.059922;0.558558;-0.033535;,
  0.082586;0.531339;-0.025148;,
  0.020136;0.556811;-0.044903;,
  0.025361;0.502232;-0.043629;,
  0.055994;0.512320;-0.047475;,
  -0.037167;0.700280;-0.027550;,
  -0.036421;0.667895;-0.023697;,
  0.040857;0.520406;0.072001;,
  0.041442;0.537159;0.067467;,
  0.099102;0.649812;0.026283;,
  0.066965;0.653140;0.067086;,
  0.068043;0.697910;0.062043;,
  0.101559;0.695136;0.015990;,
  0.049401;0.467026;-0.066383;,
  0.063710;0.374244;-0.097797;,
  0.106949;0.369125;-0.078832;,
  0.092569;0.460451;-0.041264;,
  0.069085;0.282364;-0.127476;,
  0.106587;0.275956;-0.090833;,
  0.009540;0.456711;-0.037647;,
  0.036970;0.416010;0.040762;,
  0.045380;0.341555;0.004727;,
  0.022747;0.361348;-0.065039;,
  0.062196;0.264106;-0.043223;,
  0.050711;0.268936;-0.083526;,
  0.105226;0.428281;0.008369;,
  0.121264;0.352709;-0.017832;,
  0.101625;0.271448;-0.050704;,
  0.129541;-0.000570;-0.077589;,
  0.085120;-0.002809;-0.084430;,
  0.086395;-0.003831;-0.035638;,
  0.121104;-0.002033;-0.032965;,
  0.081621;0.221362;-0.108612;,
  0.089357;0.147674;-0.109690;,
  0.123620;0.148425;-0.087194;,
  0.117969;0.222920;-0.086445;,
  0.102296;0.068351;-0.110342;,
  0.124798;0.068643;-0.084129;,
  0.047929;0.197698;-0.078457;,
  0.058020;0.211365;-0.025370;,
  0.070262;0.147810;-0.037605;,
  0.065688;0.140967;-0.079634;,
  0.094041;0.075195;-0.057533;,
  0.088297;0.058879;-0.087727;,
  0.127410;0.227239;-0.038106;,
  0.130882;0.153683;-0.049707;,
  0.117308;0.082428;-0.059905;,
  0.090043;0.502581;-0.028923;,
  -0.016328;0.493464;-0.035356;,
  -0.009941;0.457232;-0.029640;,
  0.009540;0.456711;-0.037647;,
  0.118094;0.488572;0.015804;,
  0.086226;0.479442;0.060336;,
  0.108227;0.440050;0.011880;,
  0.076545;0.435072;0.048504;,
  0.090311;0.598648;0.030563;,
  0.107610;0.645407;-0.008288;,
  0.102703;0.648229;-0.028071;,
  0.059345;0.646920;-0.057945;,
  0.054977;0.601712;-0.038340;,
  0.095291;0.598987;-0.009189;,
  0.010490;0.642975;-0.055425;,
  0.018564;0.598201;-0.042350;,
  -0.029979;0.650107;-0.021068;,
  -0.019231;0.594021;-0.011459;,
  0.056315;0.745790;-0.117623;,
  0.018569;0.720706;-0.088611;,
  0.057558;0.726390;-0.164389;,
  0.009587;0.696563;-0.144411;,
  0.015155;0.673438;-0.185943;,
  0.053540;0.697448;-0.203486;,
  0.051417;0.669779;-0.082340;,
  0.048170;0.645730;-0.127300;,
  0.009587;0.696563;-0.144411;,
  0.039982;0.630044;-0.186958;,
  0.015155;0.673438;-0.185943;,
  0.062668;0.668429;-0.082451;,
  0.094192;0.694426;-0.101018;,
  0.096319;0.675669;-0.147026;,
  0.078210;0.653906;-0.204619;,
  0.079334;0.727508;-0.111962;,
  0.045949;0.712191;-0.209883;,
  -0.000525;0.684806;-0.190123;,
  -0.028386;0.709851;-0.237857;,
  0.002573;0.726525;-0.248386;,
  -0.043056;0.728690;-0.277540;,
  -0.031209;0.735568;-0.284543;,
  -0.000525;0.684806;-0.190123;,
  0.016546;0.632347;-0.221001;,
  -0.007025;0.667262;-0.269541;,
  -0.028386;0.709851;-0.237857;,
  -0.040274;0.702784;-0.286225;,
  -0.043056;0.728690;-0.277540;,
  0.062815;0.659571;-0.240570;,
  0.016793;0.680226;-0.277202;,
  -0.024435;0.706057;-0.302495;,
  -0.103273;0.760068;-0.374870;,
  -0.083669;0.757132;-0.365333;,
  -0.095702;0.739062;-0.322352;,
  -0.114795;0.742067;-0.332230;,
  -0.041841;0.752741;-0.361562;,
  -0.050540;0.754754;-0.368352;,
  -0.051204;0.744772;-0.372933;,
  -0.037495;0.743556;-0.367294;,
  -0.079199;0.731525;-0.288816;,
  -0.101561;0.719250;-0.316113;,
  -0.060708;0.733673;-0.346249;,
  -0.047040;0.752497;-0.320408;,
  -0.067004;0.696628;-0.296874;,
  -0.101188;0.702154;-0.326394;,
  -0.032436;0.717683;-0.329489;,
  -0.061327;0.715740;-0.354882;,
  0.073306;0.758949;-0.074933;,
  0.054595;0.751105;-0.096712;,
  0.052533;0.765219;-0.051806;,
  0.031893;0.757935;-0.067634;,
  0.112194;0.692688;-0.022983;,
  0.012102;0.779068;-0.045926;,
  0.038598;0.731474;-0.098310;,
  0.018666;0.733424;-0.075336;,
  0.024635;0.712678;-0.079314;,
  0.042219;0.718172;-0.088920;,
  0.097505;0.728761;-0.046902;,
  0.090394;0.735409;-0.001939;,
  0.095370;0.730945;-0.052252;,
  0.057457;0.736461;0.045939;,
  0.028324;0.780334;0.017073;,
  0.077581;0.770630;-0.042345;,
  0.095370;0.730945;-0.052252;,
  0.052648;0.700450;-0.063613;,
  0.089912;0.720466;-0.055114;,
  0.018569;0.720706;-0.088611;,
  0.090241;0.682918;-0.043537;,
  0.060623;0.673157;-0.058700;,
  0.029877;0.700928;-0.082386;,
  0.105115;0.688547;-0.038426;,
  -0.047040;0.752497;-0.320408;,
  0.013250;0.817507;-0.009320;,
  0.016513;0.810707;-0.030590;,
  0.007986;0.799522;-0.000824;,
  -0.008984;0.820313;0.004985;,
  -0.061327;0.715740;-0.354882;,
  -0.103273;0.760068;-0.374870;,
  -0.114795;0.742067;-0.332230;,
  -0.041482;0.749035;-0.341957;,
  -0.039381;0.727318;-0.355919;,
  -0.041482;0.749035;-0.341957;,
  -0.056269;0.747995;-0.351810;,
  -0.061395;0.724760;-0.358104;,
  -0.061395;0.724760;-0.358104;,
  -0.041841;0.752741;-0.361562;,
  -0.037495;0.743556;-0.367294;,
  -0.051204;0.744772;-0.372933;,
  0.140968;0.023274;-0.153173;,
  0.112830;0.019524;-0.193264;,
  0.115748;0.001222;-0.200736;,
  0.148269;0.002152;-0.160348;,
  0.081750;0.029590;-0.045871;,
  0.086395;-0.003831;-0.035638;,
  0.085120;-0.002809;-0.084430;,
  0.082619;0.022098;-0.086566;,
  0.094041;0.075195;-0.057533;,
  0.117308;0.082428;-0.059905;,
  0.122966;0.034782;-0.042838;,
  0.129541;-0.000570;-0.077589;,
  0.121104;-0.002033;-0.032965;,
  0.129006;0.034439;-0.079251;,
  0.102296;0.068351;-0.110342;,
  0.124798;0.068643;-0.084129;,
  0.080110;-0.000843;-0.193267;,
  0.084767;0.014808;-0.185229;,
  0.148269;0.002152;-0.160348;,
  0.080110;-0.000843;-0.193267;,
  0.022747;0.361348;-0.065039;,
  0.050711;0.268936;-0.083526;,
  0.047929;0.197698;-0.078457;,
  0.065688;0.140967;-0.079634;,
  0.088297;0.058879;-0.087727;,
  0.088297;0.058879;-0.087727;,
  0.014605;0.436598;0.011294;,
  0.023765;0.819348;-0.041693;,
  0.015476;0.811900;-0.060034;,
  0.008229;0.803800;-0.057220;,
  0.005121;0.802575;-0.043280;,
  0.012991;0.838881;-0.019775;,
  0.003874;0.849074;0.000113;,
  -0.032011;0.946801;-0.065581;,
  -0.052204;0.947154;-0.064852;,
  -0.050501;0.932104;-0.090576;,
  -0.005483;0.879794;-0.106262;,
  -0.014845;0.907467;-0.100841;,
  -0.022037;0.874457;-0.111760;,
  0.023175;0.847743;-0.041121;,
  0.016761;0.832430;-0.065807;,
  0.020121;0.831001;-0.033960;,
  0.017376;0.883916;-0.027641;,
  0.014933;0.891172;-0.050953;,
  0.006166;0.926027;-0.060598;,
  -0.002681;0.918853;-0.086100;,
  0.010840;0.882960;-0.076610;,
  0.002921;0.896970;0.008098;,
  0.014565;0.888929;-0.011851;,
  -0.035089;0.891006;0.021340;,
  -0.045712;0.935652;0.003354;,
  -0.013570;0.939457;-0.008493;,
  0.016195;0.861161;-0.073202;,
  0.002410;0.850479;-0.094956;,
  0.009220;0.819527;-0.077977;,
  -0.000104;0.791261;-0.086163;,
  -0.018714;0.782719;-0.093986;,
  -0.017568;0.783188;-0.072881;,
  -0.023079;0.926346;-0.093904;,
  -0.010582;0.940970;-0.065227;,
  0.001149;0.937838;-0.027825;,
  -0.016079;0.950850;-0.037611;,
  -0.051092;0.952180;-0.027806;,
  -0.033866;0.953336;-0.030872;,
  -0.027251;0.852326;0.013816;,
  0.001149;0.937838;-0.027825;,
  -0.016079;0.950850;-0.037611;,
  0.021377;0.878641;-0.040504;,
  0.026939;0.851226;-0.042292;,
  0.028247;0.881161;-0.027671;,
  0.020842;0.898007;-0.037626;,
  0.028247;0.881161;-0.027671;,
  0.026939;0.851226;-0.042292;,
  0.020842;0.898007;-0.037626;,
  0.014933;0.891172;-0.050953;,
  0.020392;0.866956;-0.055094;,
  0.023175;0.847743;-0.041121;,
  -0.002638;0.872030;-0.097294;,
  0.020392;0.866956;-0.055094;,
  0.012102;0.779068;-0.045926;,
  0.016513;0.810707;-0.030590;,
  0.031893;0.757935;-0.067634;,
  0.012991;0.838881;-0.019775;,
  -0.031793;0.751028;-0.029468;,
  -0.032871;0.727043;-0.027063;,
  -0.018328;0.552361;-0.025365;,
  0.049439;0.473640;0.079990;,
  0.047485;0.440547;0.071176;,
  0.042420;0.422638;0.061703;,
  -0.024326;0.782780;-0.053106;,
  0.014605;0.436598;0.011294;,
  -0.033866;0.953336;-0.030872;,
  -0.051092;0.952180;-0.027806;,
  -0.006439;0.821462;-0.094622;,
  -0.018905;0.841217;-0.103348;,
  -0.016662;0.831852;-0.102648;,
  -0.048908;0.921562;-0.101815;,
  -0.044700;0.898926;-0.112646;,
  -0.021834;0.866354;-0.101572;,
  0.058223;0.598416;0.065162;,
  0.031893;0.757935;-0.067634;,
  0.115748;0.001222;-0.200736;,
  -0.005603;0.814966;-0.093708;,
  -0.012900;0.810635;-0.099978;,
  -0.013979;0.815653;-0.096852;,
  -0.031263;0.834992;-0.116924;,
  -0.029101;0.827694;-0.106787;,
  -0.015239;0.818909;-0.101999;,
  -0.025457;0.813451;-0.096721;,
  -0.024221;0.806262;-0.101858;,
  -0.038590;0.869120;-0.117257;,
  -0.036441;0.860401;-0.112485;,
  0.089912;0.720466;-0.055114;,
  -0.026539;0.816205;-0.105059;,
  0.061540;0.706736;-0.051605;,
  0.052648;0.700450;-0.063613;,
  0.029877;0.700928;-0.082386;,
  0.014565;0.888929;-0.011851;,
  0.081621;0.221362;-0.108612;,
  0.015504;0.221809;-0.095474;,
  0.030057;0.145286;-0.099031;,
  0.089357;0.147674;-0.109690;,
  0.069085;0.282364;-0.127476;,
  0.015133;0.280326;-0.103511;,
  0.063710;0.374244;-0.097797;,
  0.003075;0.370073;-0.077023;,
  0.049401;0.467026;-0.066383;,
  -0.002341;0.457056;-0.060403;,
  0.025361;0.502232;-0.043629;,
  0.033675;0.072784;-0.104181;,
  0.102296;0.068351;-0.110342;,
  0.079392;0.137908;-0.010690;,
  0.090370;0.068654;-0.014131;,
  0.047739;0.062796;0.069438;,
  0.040335;0.134932;0.058923;,
  0.028642;0.200156;0.042531;,
  0.065116;0.209706;-0.012678;,
  0.025343;0.259769;0.038208;,
  0.061391;0.257243;-0.012947;,
  0.047429;0.337970;0.019107;,
  0.032177;0.340991;0.050515;,
  0.047244;0.413017;0.067749;,
  0.061540;0.706736;-0.051605;,
  -0.073292;0.751119;0.017127;,
  -0.080324;0.731680;0.029601;,
  -0.047950;0.736747;0.002672;,
  -0.037427;0.768942;0.000596;,
  -0.076598;0.715749;0.047461;,
  -0.067112;0.685065;0.067648;,
  -0.066039;0.674009;0.021489;,
  -0.060630;0.702886;0.006038;,
  -0.013766;0.798750;0.018892;,
  0.002168;0.790200;0.055339;,
  -0.025277;0.787373;0.076381;,
  -0.047565;0.786027;0.045794;,
  -0.043492;0.526768;0.093310;,
  -0.034502;0.540014;0.090433;,
  0.005483;0.536470;0.090514;,
  0.004391;0.521317;0.093305;,
  -0.059799;0.549367;0.041639;,
  -0.064257;0.518310;0.056339;,
  -0.052830;0.551209;0.000914;,
  -0.066163;0.501526;0.019546;,
  -0.046165;0.495885;-0.003938;,
  0.041442;0.537159;0.067467;,
  0.040857;0.520406;0.072001;,
  0.029138;0.653684;0.102916;,
  0.027542;0.702579;0.102069;,
  0.068043;0.697910;0.062043;,
  0.066965;0.653140;0.067086;,
  -0.067673;0.454125;-0.001664;,
  -0.079436;0.450649;0.047572;,
  -0.114580;0.358153;0.039423;,
  -0.095975;0.358838;-0.004268;,
  -0.120384;0.264535;0.040665;,
  -0.118484;0.261137;-0.011388;,
  -0.017313;0.443455;-0.006606;,
  -0.043382;0.346816;-0.006869;,
  -0.011961;0.335304;0.061334;,
  0.023805;0.412301;0.062859;,
  -0.074405;0.254695;0.008829;,
  -0.055077;0.258227;0.045356;,
  -0.083123;0.348650;0.095239;,
  -0.048660;0.422008;0.093070;,
  -0.089271;0.267053;0.065783;,
  -0.098284;-0.001502;0.121538;,
  -0.065686;-0.001525;0.153193;,
  -0.038773;-0.001070;0.131045;,
  -0.065808;-0.000926;0.090394;,
  -0.107464;0.205125;0.026527;,
  -0.118402;0.216777;0.066019;,
  -0.112863;0.146299;0.090190;,
  -0.103749;0.135530;0.051699;,
  -0.101505;0.069994;0.115419;,
  -0.101694;0.063520;0.081378;,
  -0.059489;0.188041;0.029840;,
  -0.065295;0.135554;0.057165;,
  -0.040619;0.154827;0.086384;,
  -0.032081;0.217597;0.068336;,
  -0.074337;0.060338;0.090875;,
  -0.061524;0.081166;0.113226;,
  -0.093012;0.163008;0.118693;,
  -0.092526;0.235991;0.103511;,
  -0.081441;0.088343;0.125663;,
  -0.067441;0.488608;0.058469;,
  -0.017313;0.443455;-0.006606;,
  0.012951;0.472941;0.100997;,
  -0.042411;0.474331;0.104873;,
  0.008235;0.430019;0.090885;,
  -0.042797;0.431069;0.095138;,
  0.023217;0.599376;0.096898;,
  -0.004920;0.651635;0.114970;,
  -0.025264;0.655312;0.112095;,
  -0.017008;0.600206;0.101840;,
  -0.046557;0.602814;0.062046;,
  -0.059921;0.653522;0.072692;,
  -0.050556;0.598952;0.025988;,
  -0.062621;0.647022;0.024656;,
  -0.112667;0.751892;0.015616;,
  -0.149214;0.718059;0.006418;,
  -0.066025;0.726366;0.023890;,
  -0.178707;0.676922;0.015530;,
  -0.140516;0.647346;0.019256;,
  -0.102915;0.680043;0.007443;,
  -0.081909;0.706713;0.079328;,
  -0.102915;0.680043;0.007443;,
  -0.114158;0.667886;0.071406;,
  -0.140516;0.647346;0.019256;,
  -0.155765;0.623394;0.036696;,
  -0.089198;0.711232;0.086736;,
  -0.160379;0.706182;0.070534;,
  -0.123843;0.738769;0.079267;,
  -0.193930;0.652715;0.032721;,
  -0.122951;0.751855;0.043730;,
  -0.166900;0.699304;0.019587;,
  -0.132772;0.715785;-0.026597;,
  -0.101656;0.696333;-0.025669;,
  -0.119452;0.667298;0.024553;,
  -0.107386;0.728110;-0.068270;,
  -0.088665;0.717277;-0.064136;,
  -0.119452;0.667298;0.024553;,
  -0.101656;0.696333;-0.025669;,
  -0.133231;0.659043;-0.055442;,
  -0.147595;0.619997;-0.005128;,
  -0.088665;0.717277;-0.064136;,
  -0.104741;0.688345;-0.079165;,
  -0.157055;0.674089;-0.055719;,
  -0.194645;0.652005;-0.009972;,
  -0.122043;0.700245;-0.087894;,
  -0.049981;0.735450;-0.168880;,
  -0.062895;0.690839;-0.158013;,
  -0.072300;0.692585;-0.138529;,
  -0.059498;0.737766;-0.149184;,
  -0.082422;0.766322;-0.142958;,
  -0.093186;0.769018;-0.146558;,
  -0.089061;0.758424;-0.156149;,
  -0.079095;0.760855;-0.152170;,
  -0.074375;0.691619;-0.100129;,
  -0.078335;0.741170;-0.101164;,
  -0.093393;0.738951;-0.132425;,
  -0.080019;0.688095;-0.136893;,
  -0.096977;0.686085;-0.147212;,
  -0.111689;0.686835;-0.104159;,
  -0.116935;0.738549;-0.104471;,
  -0.110250;0.734912;-0.142224;,
  -0.075396;0.790515;0.057185;,
  -0.095416;0.783937;0.036029;,
  -0.061594;0.776444;0.023997;,
  -0.047565;0.786027;0.045794;,
  -0.009630;0.704938;0.118695;,
  -0.038260;0.785761;0.011957;,
  -0.100569;0.761539;0.022861;,
  -0.093057;0.742909;0.030685;,
  -0.080324;0.731680;0.029601;,
  -0.073292;0.751119;0.017127;,
  -0.027883;0.749675;0.105137;,
  -0.033880;0.752700;0.103372;,
  0.017402;0.745507;0.087074;,
  0.057457;0.736461;0.045939;,
  0.028324;0.780334;0.017073;,
  -0.025277;0.787373;0.076381;,
  -0.033880;0.752700;0.103372;,
  -0.058552;0.717915;0.064811;,
  -0.066025;0.726366;0.023890;,
  -0.042125;0.742826;0.098764;,
  -0.054985;0.684782;0.075748;,
  -0.034361;0.695448;0.101371;,
  -0.076598;0.715749;0.047461;,
  -0.026437;0.701776;0.114565;,
  -0.078335;0.741170;-0.101164;,
  -0.048680;0.806966;-0.010956;,
  -0.034980;0.814740;0.005205;,
  -0.008984;0.820313;0.004985;,
  0.007986;0.799522;-0.000824;,
  -0.110250;0.734912;-0.142224;,
  -0.049981;0.735450;-0.168880;,
  -0.062895;0.690839;-0.158013;,
  -0.106423;0.759211;-0.135368;,
  -0.083174;0.760178;-0.123986;,
  -0.083174;0.760178;-0.123986;,
  -0.081510;0.749054;-0.137782;,
  -0.103078;0.738944;-0.143974;,
  -0.103078;0.738944;-0.143974;,
  -0.093186;0.769018;-0.146558;,
  -0.082422;0.766322;-0.142958;,
  -0.089061;0.758424;-0.156149;,
  -0.152562;0.020040;0.066750;,
  -0.161255;-0.001657;0.064602;,
  -0.157835;-0.001224;0.012855;,
  -0.152363;0.017374;0.017699;,
  -0.043047;0.032377;0.120735;,
  -0.066625;0.024045;0.087758;,
  -0.065808;-0.000926;0.090394;,
  -0.038773;-0.001070;0.131045;,
  -0.061524;0.081166;0.113226;,
  -0.075286;0.034885;0.146990;,
  -0.081441;0.088343;0.125663;,
  -0.098284;-0.001502;0.121538;,
  -0.101096;0.033425;0.120641;,
  -0.065686;-0.001525;0.153193;,
  -0.101694;0.063520;0.081378;,
  -0.101505;0.069994;0.115419;,
  -0.124537;0.014688;0.008066;,
  -0.124325;-0.000775;-0.001531;,
  -0.124325;-0.000775;-0.001531;,
  -0.161255;-0.001657;0.064602;,
  -0.043382;0.346816;-0.006869;,
  -0.074405;0.254695;0.008829;,
  -0.059489;0.188041;0.029840;,
  -0.065295;0.135554;0.057165;,
  -0.074337;0.060338;0.090875;,
  -0.074337;0.060338;0.090875;,
  -0.066260;0.800071;-0.036375;,
  -0.045380;0.799677;-0.028071;,
  -0.047588;0.791848;-0.053922;,
  -0.057776;0.796214;-0.055706;,
  -0.062003;0.822823;-0.015345;,
  -0.055665;0.836325;0.003630;,
  -0.070436;0.938573;-0.063311;,
  -0.052204;0.947154;-0.064852;,
  -0.071703;0.865615;-0.102350;,
  -0.055146;0.867368;-0.109804;,
  -0.073904;0.894820;-0.097352;,
  -0.067969;0.814286;-0.060802;,
  -0.077250;0.826239;-0.035188;,
  -0.066844;0.812379;-0.028823;,
  -0.085242;0.861942;-0.021579;,
  -0.088615;0.868999;-0.044836;,
  -0.084444;0.862557;-0.070981;,
  -0.087912;0.900602;-0.081065;,
  -0.095984;0.904153;-0.054563;,
  -0.082963;0.868045;-0.006090;,
  -0.073450;0.880616;0.012609;,
  -0.035089;0.891006;0.021340;,
  -0.077718;0.925720;-0.004703;,
  -0.045712;0.935652;0.003354;,
  -0.080014;0.840559;-0.067519;,
  -0.057242;0.805295;-0.074050;,
  -0.065616;0.835913;-0.090937;,
  -0.038180;0.783108;-0.083914;,
  -0.073369;0.915577;-0.090933;,
  -0.087430;0.924514;-0.060688;,
  -0.083373;0.936440;-0.033636;,
  -0.092569;0.917770;-0.022289;,
  -0.067514;0.946131;-0.028884;,
  -0.051092;0.952180;-0.027806;,
  -0.027251;0.852326;0.013816;,
  -0.092569;0.917770;-0.022289;,
  -0.083373;0.936440;-0.033636;,
  -0.093804;0.855025;-0.020461;,
  -0.082118;0.827873;-0.035850;,
  -0.088162;0.855185;-0.034033;,
  -0.095078;0.873185;-0.030778;,
  -0.082118;0.827873;-0.035850;,
  -0.093804;0.855025;-0.020461;,
  -0.095078;0.873185;-0.030778;,
  -0.088615;0.868999;-0.044836;,
  -0.084144;0.844572;-0.048919;,
  -0.077250;0.826239;-0.035188;,
  -0.070101;0.857583;-0.093309;,
  -0.084144;0.844572;-0.048919;,
  -0.048680;0.806966;-0.010956;,
  -0.038260;0.785761;0.011957;,
  -0.061594;0.776444;0.023997;,
  -0.062003;0.822823;-0.015345;,
  0.049439;0.473640;0.079990;,
  0.047485;0.440547;0.071176;,
  0.042420;0.422638;0.061703;,
  0.014605;0.436598;0.011294;,
  -0.067514;0.946131;-0.028884;,
  -0.051092;0.952180;-0.027806;,
  -0.045719;0.813050;-0.092302;,
  -0.041602;0.826511;-0.101175;,
  -0.043470;0.835956;-0.101897;,
  -0.050876;0.860135;-0.099857;,
  0.058223;0.598416;0.065162;,
  -0.061594;0.776444;0.023997;,
  -0.157835;-0.001224;0.012855;,
  -0.036050;0.805677;-0.098610;,
  -0.043722;0.806804;-0.091456;,
  -0.036768;0.810773;-0.095506;,
  -0.037535;0.814135;-0.100682;,
  -0.042125;0.742826;0.098764;,
  -0.043481;0.724050;0.072706;,
  -0.058552;0.717915;0.064811;,
  -0.076598;0.715749;0.047461;,
  -0.082963;0.868045;-0.006090;,
  -0.065026;0.208779;-0.029105;,
  -0.070435;0.134547;-0.011026;,
  -0.025311;0.140757;-0.063437;,
  -0.025351;0.218159;-0.064008;,
  -0.073025;0.267787;-0.039550;,
  -0.029355;0.274885;-0.067307;,
  -0.046887;0.359597;-0.036605;,
  -0.022499;0.363785;-0.055192;,
  -0.031027;0.447442;-0.035754;,
  -0.018229;0.449240;-0.048072;,
  -0.016328;0.493464;-0.035356;,
  -0.046165;0.495885;-0.003938;,
  -0.072809;0.063559;-0.000821;,
  -0.026998;0.074783;-0.066384;,
  -0.018173;0.079855;0.126205;,
  -0.081429;0.088343;0.125656;,
  -0.093012;0.163008;0.118693;,
  -0.023049;0.151565;0.103734;,
  -0.092526;0.235991;0.103511;,
  -0.030788;0.218923;0.085577;,
  -0.031413;0.258637;0.070000;,
  -0.089271;0.267053;0.065783;,
  -0.083123;0.348650;0.095239;,
  -0.002376;0.332037;0.075610;,
  0.047485;0.440547;0.071176;,
  0.008235;0.430019;0.090885;,
  -0.043481;0.724050;0.072706;,
  -0.067673;0.454125;-0.001664;,
  -0.095975;0.358838;-0.004268;,
  -0.118484;0.261137;-0.011388;,
  -0.107464;0.205125;0.026527;,
  -0.103749;0.135530;0.051699;,
  -0.101694;0.063520;0.081378;,
  0.105226;0.428281;0.008369;,
  0.121264;0.352709;-0.017832;,
  0.076545;0.435072;0.048504;,
  0.101625;0.271448;-0.050704;,
  0.127410;0.227239;-0.038106;,
  0.130882;0.153683;-0.049707;,
  0.117308;0.082428;-0.059905;,
  -0.048660;0.422008;0.093070;,
  0.018666;0.733424;-0.075336;,
  0.018666;0.733424;-0.075336;,
  -0.001400;0.764066;-0.041949;,
  -0.001400;0.764066;-0.041949;,
  -0.001400;0.764066;-0.041949;,
  -0.001400;0.764066;-0.041949;,
  -0.001400;0.764066;-0.041949;,
  -0.001400;0.764066;-0.041949;,
  0.024635;0.712678;-0.079314;,
  0.024635;0.712678;-0.079314;,
  0.029877;0.700928;-0.082386;,
  0.029877;0.700928;-0.082386;,
  0.029877;0.700928;-0.082386;,
  0.004104;0.666956;-0.060085;,
  0.004104;0.666956;-0.060085;,
  0.004104;0.666956;-0.060085;,
  0.004104;0.666956;-0.060085;,
  0.004104;0.666956;-0.060085;,
  0.050619;0.673226;-0.069269;,
  0.050619;0.673226;-0.069269;,
  0.050619;0.673226;-0.069269;,
  0.050619;0.673226;-0.069269;,
  0.050619;0.673226;-0.069269;,
  0.023797;0.793720;-0.024758;,
  0.023797;0.793720;-0.024758;,
  0.023797;0.793720;-0.024758;,
  0.023797;0.793720;-0.024758;,
  0.023797;0.793720;-0.024758;,
  0.023797;0.793720;-0.024758;,
  0.052533;0.765219;-0.051806;,
  0.052533;0.765219;-0.051806;,
  0.077581;0.770630;-0.042345;,
  0.077581;0.770630;-0.042345;,
  0.077581;0.770630;-0.042345;,
  0.077568;0.542004;0.045251;,
  0.077568;0.542004;0.045251;,
  0.077568;0.542004;0.045251;,
  0.077568;0.542004;0.045251;,
  0.077568;0.542004;0.045251;,
  0.094114;0.549888;0.009673;,
  0.094114;0.549888;0.009673;,
  0.094114;0.549888;0.009673;,
  0.094114;0.549888;0.009673;,
  0.094114;0.549888;0.009673;,
  0.059922;0.558558;-0.033535;,
  0.059922;0.558558;-0.033535;,
  0.059922;0.558558;-0.033535;,
  0.059922;0.558558;-0.033535;,
  0.059922;0.558558;-0.033535;,
  0.059922;0.558558;-0.033535;,
  0.020136;0.556811;-0.044903;,
  0.020136;0.556811;-0.044903;,
  0.020136;0.556811;-0.044903;,
  0.020136;0.556811;-0.044903;,
  0.020136;0.556811;-0.044903;,
  0.055994;0.512320;-0.047475;,
  0.055994;0.512320;-0.047475;,
  0.055994;0.512320;-0.047475;,
  0.055994;0.512320;-0.047475;,
  0.055994;0.512320;-0.047475;,
  0.055994;0.512320;-0.047475;,
  -0.036421;0.667895;-0.023697;,
  -0.036421;0.667895;-0.023697;,
  -0.036421;0.667895;-0.023697;,
  -0.036421;0.667895;-0.023697;,
  -0.036421;0.667895;-0.023697;,
  0.041442;0.537159;0.067467;,
  0.041442;0.537159;0.067467;,
  0.099102;0.649812;0.026283;,
  0.099102;0.649812;0.026283;,
  0.099102;0.649812;0.026283;,
  0.099102;0.649812;0.026283;,
  0.066965;0.653140;0.067086;,
  0.066965;0.653140;0.067086;,
  0.068043;0.697910;0.062043;,
  0.068043;0.697910;0.062043;,
  0.101559;0.695136;0.015990;,
  0.101559;0.695136;0.015990;,
  0.101559;0.695136;0.015990;,
  0.101559;0.695136;0.015990;,
  0.101559;0.695136;0.015990;,
  0.049401;0.467026;-0.066383;,
  0.049401;0.467026;-0.066383;,
  0.049401;0.467026;-0.066383;,
  0.049401;0.467026;-0.066383;,
  0.049401;0.467026;-0.066383;,
  0.049401;0.467026;-0.066383;,
  0.092569;0.460451;-0.041264;,
  0.092569;0.460451;-0.041264;,
  0.092569;0.460451;-0.041264;,
  0.092569;0.460451;-0.041264;,
  0.092569;0.460451;-0.041264;,
  0.092569;0.460451;-0.041264;,
  0.069085;0.282364;-0.127476;,
  0.069085;0.282364;-0.127476;,
  0.069085;0.282364;-0.127476;,
  0.069085;0.282364;-0.127476;,
  0.069085;0.282364;-0.127476;,
  0.106587;0.275956;-0.090833;,
  0.106587;0.275956;-0.090833;,
  0.106587;0.275956;-0.090833;,
  0.106587;0.275956;-0.090833;,
  0.106587;0.275956;-0.090833;,
  0.036970;0.416010;0.040762;,
  0.036970;0.416010;0.040762;,
  0.036970;0.416010;0.040762;,
  0.036970;0.416010;0.040762;,
  0.036970;0.416010;0.040762;,
  0.036970;0.416010;0.040762;,
  0.036970;0.416010;0.040762;,
  0.062196;0.264106;-0.043223;,
  0.062196;0.264106;-0.043223;,
  0.062196;0.264106;-0.043223;,
  0.062196;0.264106;-0.043223;,
  0.062196;0.264106;-0.043223;,
  0.050711;0.268936;-0.083526;,
  0.105226;0.428281;0.008369;,
  0.105226;0.428281;0.008369;,
  0.105226;0.428281;0.008369;,
  0.105226;0.428281;0.008369;,
  0.105226;0.428281;0.008369;,
  0.101625;0.271448;-0.050704;,
  0.101625;0.271448;-0.050704;,
  0.101625;0.271448;-0.050704;,
  0.101625;0.271448;-0.050704;,
  0.101625;0.271448;-0.050704;,
  0.101625;0.271448;-0.050704;,
  0.102296;0.068351;-0.110342;,
  0.102296;0.068351;-0.110342;,
  0.124798;0.068643;-0.084129;,
  0.124798;0.068643;-0.084129;,
  0.124798;0.068643;-0.084129;,
  0.094041;0.075195;-0.057533;,
  0.094041;0.075195;-0.057533;,
  0.117308;0.082428;-0.059905;,
  0.117308;0.082428;-0.059905;,
  0.108227;0.440050;0.011880;,
  0.108227;0.440050;0.011880;,
  0.108227;0.440050;0.011880;,
  0.108227;0.440050;0.011880;,
  0.076545;0.435072;0.048504;,
  0.076545;0.435072;0.048504;,
  0.076545;0.435072;0.048504;,
  0.076545;0.435072;0.048504;,
  0.090311;0.598648;0.030563;,
  0.090311;0.598648;0.030563;,
  0.090311;0.598648;0.030563;,
  0.090311;0.598648;0.030563;,
  0.090311;0.598648;0.030563;,
  0.090311;0.598648;0.030563;,
  0.107610;0.645407;-0.008288;,
  0.107610;0.645407;-0.008288;,
  0.107610;0.645407;-0.008288;,
  0.107610;0.645407;-0.008288;,
  0.107610;0.645407;-0.008288;,
  0.102703;0.648229;-0.028071;,
  0.102703;0.648229;-0.028071;,
  0.102703;0.648229;-0.028071;,
  0.102703;0.648229;-0.028071;,
  0.102703;0.648229;-0.028071;,
  0.102703;0.648229;-0.028071;,
  0.059345;0.646920;-0.057945;,
  0.059345;0.646920;-0.057945;,
  0.059345;0.646920;-0.057945;,
  0.059345;0.646920;-0.057945;,
  0.059345;0.646920;-0.057945;,
  0.054977;0.601712;-0.038340;,
  0.054977;0.601712;-0.038340;,
  0.054977;0.601712;-0.038340;,
  0.054977;0.601712;-0.038340;,
  0.054977;0.601712;-0.038340;,
  0.054977;0.601712;-0.038340;,
  0.095291;0.598987;-0.009189;,
  0.095291;0.598987;-0.009189;,
  0.095291;0.598987;-0.009189;,
  0.095291;0.598987;-0.009189;,
  0.010490;0.642975;-0.055425;,
  0.010490;0.642975;-0.055425;,
  0.010490;0.642975;-0.055425;,
  0.010490;0.642975;-0.055425;,
  0.010490;0.642975;-0.055425;,
  0.018564;0.598201;-0.042350;,
  0.018564;0.598201;-0.042350;,
  0.018564;0.598201;-0.042350;,
  0.018564;0.598201;-0.042350;,
  0.018564;0.598201;-0.042350;,
  -0.029979;0.650107;-0.021068;,
  -0.029979;0.650107;-0.021068;,
  -0.029979;0.650107;-0.021068;,
  -0.029979;0.650107;-0.021068;,
  -0.029979;0.650107;-0.021068;,
  -0.029979;0.650107;-0.021068;,
  -0.029979;0.650107;-0.021068;,
  -0.019231;0.594021;-0.011459;,
  -0.019231;0.594021;-0.011459;,
  -0.019231;0.594021;-0.011459;,
  -0.019231;0.594021;-0.011459;,
  -0.019231;0.594021;-0.011459;,
  0.015155;0.673438;-0.185943;,
  0.015155;0.673438;-0.185943;,
  0.053540;0.697448;-0.203486;,
  0.053540;0.697448;-0.203486;,
  0.053540;0.697448;-0.203486;,
  0.053540;0.697448;-0.203486;,
  0.053540;0.697448;-0.203486;,
  0.039982;0.630044;-0.186958;,
  0.039982;0.630044;-0.186958;,
  0.039982;0.630044;-0.186958;,
  0.039982;0.630044;-0.186958;,
  0.039982;0.630044;-0.186958;,
  0.015155;0.673438;-0.185943;,
  0.078210;0.653906;-0.204619;,
  0.078210;0.653906;-0.204619;,
  0.078210;0.653906;-0.204619;,
  0.078210;0.653906;-0.204619;,
  0.078210;0.653906;-0.204619;,
  0.078210;0.653906;-0.204619;,
  -0.043056;0.728690;-0.277540;,
  -0.043056;0.728690;-0.277540;,
  -0.031209;0.735568;-0.284543;,
  -0.031209;0.735568;-0.284543;,
  -0.031209;0.735568;-0.284543;,
  -0.031209;0.735568;-0.284543;,
  -0.031209;0.735568;-0.284543;,
  -0.031209;0.735568;-0.284543;,
  0.016546;0.632347;-0.221001;,
  0.016546;0.632347;-0.221001;,
  0.016546;0.632347;-0.221001;,
  0.016546;0.632347;-0.221001;,
  0.016546;0.632347;-0.221001;,
  -0.040274;0.702784;-0.286225;,
  -0.040274;0.702784;-0.286225;,
  -0.040274;0.702784;-0.286225;,
  -0.040274;0.702784;-0.286225;,
  -0.043056;0.728690;-0.277540;,
  -0.043056;0.728690;-0.277540;,
  0.062815;0.659571;-0.240570;,
  0.062815;0.659571;-0.240570;,
  0.062815;0.659571;-0.240570;,
  0.062815;0.659571;-0.240570;,
  -0.024435;0.706057;-0.302495;,
  -0.024435;0.706057;-0.302495;,
  -0.024435;0.706057;-0.302495;,
  -0.024435;0.706057;-0.302495;,
  -0.024435;0.706057;-0.302495;,
  0.073306;0.758949;-0.074933;,
  0.073306;0.758949;-0.074933;,
  0.073306;0.758949;-0.074933;,
  0.073306;0.758949;-0.074933;,
  0.054595;0.751105;-0.096712;,
  0.054595;0.751105;-0.096712;,
  0.054595;0.751105;-0.096712;,
  0.054595;0.751105;-0.096712;,
  0.054595;0.751105;-0.096712;,
  0.052533;0.765219;-0.051806;,
  0.052533;0.765219;-0.051806;,
